0,0,0,21,0,118,254,285,329,265,304,363,371,385,444,527,522,593,622,629,621,595,590,591,609,649,644,623,578,514,492,415,180,29,0,0,0,0,0,0,0,0,0,0,0,0,0,0,0,0,0,0,0,0,0,0,0,0,0,0,0,0,0,0,0,0,0,0,0,0,0,0,0,0,0,0,0,0,0,0,0,0,0,0,0,0,41,39,26,154,369,449,443,439,462,481,550,558,524,519,0,400,337,461,570,550,559,544,538,465,485,470,507,520,511,536,509,405,179,81,80,70,81,47,58,70,66,69,60,33,25,36,0,0,0,0,0,0,0,0,0,0,0,0,0,0,0,0,0,0,0,0,0,0,0,0,0,0,0,0,0,0,0,0,0,0,0,0,0,69,236,297,318,346,350,382,393,404,419,433,467,478,503,500,479,452,478,509,508,511,528,545,560,563,542,472,436,445,433,455,Caress
0,0,0,0,0,0,0,0,0,0,0,0,0,0,0,0,0,0,41,39,26,154,369,449,443,439,462,481,550,558,524,519,521,545,569,598,618,619,631,656,667,679,696,701,704,702,690,665,660,654,629,588,519,378,267,113,15,0,0,0,0,0,0,0,0,0,0,0,0,0,0,0,0,0,0,0,0,0,0,0,0,0,0,0,0,0,0,0,0,0,0,0,0,0,0,0,0,0,0,0,0,69,236,297,318,346,350,382,393,404,419,433,467,478,503,500,479,452,478,509,508,511,528,545,560,563,542,472,436,445,433,455,437,434,452,457,446,432,417,412,398,381,335,247,157,100,77,73,73,73,68,72,73,55,58,0,0,0,0,0,0,0,0,0,0,0,0,0,0,0,0,0,0,0,0,0,0,0,0,0,0,0,0,0,0,0,0,0,0,0,0,0,0,0,0,0,0,0,0,0,Caress
0,0,0,0,0,0,0,0,0,0,0,0,0,0,0,0,0,0,0,0,0,46,79,146,196,204,236,333,403,409,415,415,433,491,534,559,568,577,553,516,532,562,592,612,629,637,630,604,568,521,483,437,318,90,0,0,0,0,0,0,0,0,0,0,0,0,0,0,0,0,0,0,0,0,0,0,0,0,0,0,0,0,0,0,0,0,0,0,0,0,0,0,0,0,0,0,0,0,0,0,0,214,379,441,450,446,436,402,395,410,414,413,423,434,446,459,486,523,523,538,517,535,527,542,537,517,513,462,436,406,375,367,404,418,384,323,343,350,374,382,349,311,275,242,203,158,156,162,155,126,40,0,0,0,0,0,0,0,0,0,0,0,0,0,0,0,0,0,0,0,0,0,0,0,0,0,0,0,0,0,0,0,0,0,0,0,0,0,0,0,0,0,0,0,0,0,0,0,0,0,Caress
0,0,0,0,0,0,0,0,0,0,0,0,0,0,0,0,0,0,0,0,0,0,0,26,0,0,0,0,104,252,360,381,403,356,403,436,497,548,554,554,549,553,559,584,610,641,662,696,712,715,716,710,705,696,699,702,700,684,661,650,618,599,552,481,405,237,47,0,0,0,0,0,0,0,0,0,0,0,0,0,0,0,0,0,0,0,0,0,0,0,0,0,0,0,0,0,0,0,0,0,0,214,267,305,326,387,416,411,443,463,470,488,491,481,492,511,548,569,585,573,561,525,509,508,509,541,537,533,544,546,558,560,551,552,543,492,428,419,415,407,381,354,360,325,288,204,153,109,89,105,119,143,125,86,92,95,89,92,94,98,97,106,55,69,65,10,0,0,0,0,0,0,0,0,0,0,0,0,0,0,0,0,0,0,0,0,0,0,0,0,0,0,0,0,0,0,0,0,0,0,Caress
0,0,0,0,0,0,0,0,0,0,0,0,0,0,0,0,0,0,0,0,18,15,0,0,0,0,0,131,191,246,286,284,283,321,368,446,506,530,515,505,491,472,500,534,544,577,624,637,628,598,592,618,646,663,676,681,691,694,691,686,664,633,596,566,507,445,346,172,0,0,0,0,0,0,0,0,0,0,0,0,0,0,0,0,0,0,0,0,0,0,0,0,0,0,0,0,0,0,0,0,0,280,376,418,428,423,423,418,429,428,447,470,484,510,521,542,552,553,539,522,508,523,534,577,587,587,583,580,570,586,589,585,592,583,573,503,456,439,441,401,380,401,431,410,391,320,313,323,318,319,308,284,298,269,202,157,143,141,144,146,145,116,44,53,26,22,0,0,0,0,0,0,0,0,0,0,0,0,0,0,0,0,0,0,0,0,0,0,0,0,0,0,0,0,0,0,0,0,0,0,Caress
0,0,0,43,129,236,345,430,444,419,374,443,506,531,514,510,499,495,514,563,580,576,611,621,624,581,548,542,568,602,607,619,607,608,596,563,540,517,505,485,439,336,251,136,88,18,0,0,0,0,0,0,0,0,0,0,0,0,0,0,0,0,0,0,0,0,0,0,0,0,0,0,0,0,0,0,0,0,0,0,0,0,13,293,431,469,497,524,538,584,601,577,579,541,561,576,556,540,528,536,0,198,365,440,437,470,497,489,505,495,468,427,418,389,399,408,397,351,386,445,448,435,458,445,424,441,464,473,462,410,365,330,249,215,192,132,122,127,127,128,132,121,56,0,0,0,0,0,0,0,0,0,0,0,0,0,0,0,0,0,0,0,0,0,0,0,0,0,0,0,0,0,0,0,0,0,0,0,0,0,0,0,0,0,0,0,0,0,0,0,0,0,0,0,0,0,0,0,36,63,Caress
0,13,293,431,469,497,524,538,584,601,577,579,541,561,576,556,540,528,536,548,568,588,527,514,550,546,499,354,134,0,0,0,0,0,0,0,0,0,0,0,0,0,0,0,0,0,0,0,0,0,0,0,0,0,0,0,0,0,0,0,0,0,0,0,0,0,0,0,0,0,0,0,0,0,0,0,0,0,0,0,0,0,0,0,0,0,0,0,0,0,0,0,0,0,0,0,0,0,0,0,0,0,0,0,0,0,0,0,0,0,0,0,0,0,0,0,0,36,63,52,56,79,194,364,424,458,462,472,494,522,501,495,508,566,611,657,679,685,677,664,631,633,623,601,573,544,502,460,412,284,84,0,0,0,0,0,0,0,0,0,0,0,0,0,0,0,0,0,0,0,0,0,0,0,0,0,0,0,0,0,0,0,0,0,0,0,0,0,0,0,0,0,0,0,0,0,0,0,0,0,Caress
0,266,343,410,484,565,587,580,571,567,578,570,592,573,555,546,572,599,613,590,553,563,576,569,504,356,178,28,0,0,0,0,0,0,5,16,0,0,0,0,0,0,0,0,0,0,0,0,0,0,0,0,0,0,0,0,0,0,0,0,0,0,0,0,0,0,0,0,0,0,0,0,0,0,0,0,0,0,0,0,0,0,0,0,0,0,0,0,0,0,0,0,0,0,0,0,0,0,0,0,0,0,0,0,0,0,8,22,43,47,19,21,17,0,0,63,74,73,86,120,244,357,405,441,438,402,436,449,425,400,415,441,500,565,615,623,635,630,620,610,622,605,606,604,590,569,548,552,548,520,478,450,351,211,2,0,0,0,0,0,0,0,0,0,0,0,0,0,0,0,0,0,0,0,0,0,0,0,0,0,0,0,0,0,0,0,0,0,0,0,0,0,0,0,0,0,0,0,0,0,Caress
0,77,296,363,408,413,421,423,407,406,390,393,387,356,357,413,472,459,435,385,387,418,466,479,422,432,437,437,362,157,0,0,0,0,1,2,0,0,0,0,0,0,0,0,0,0,0,0,0,0,0,0,0,0,0,0,0,0,0,0,0,0,0,0,0,0,0,0,0,0,0,0,0,0,0,0,0,0,0,0,0,0,0,0,0,0,0,0,0,0,0,0,0,0,0,0,0,0,0,0,0,5,29,58,52,51,52,54,69,70,70,70,75,75,85,186,251,258,253,251,230,258,310,314,406,480,495,497,503,524,554,535,506,493,500,563,619,626,607,599,598,573,572,564,542,493,397,346,268,235,97,0,0,0,0,0,0,0,0,0,0,0,0,0,0,0,0,0,0,0,0,0,0,0,0,0,0,0,0,0,0,0,0,0,0,0,0,0,0,0,0,0,0,0,0,0,0,0,0,0,Caress
0,15,241,294,267,314,416,463,450,423,399,433,444,429,428,428,349,268,294,325,315,307,196,101,0,0,0,0,0,0,0,0,0,0,0,0,0,0,0,0,0,0,0,0,0,0,0,0,0,0,0,0,0,0,0,0,0,8,28,129,187,173,89,156,297,334,309,295,284,294,340,406,412,430,432,443,476,499,470,435,451,438,419,394,390,395,437,456,469,501,495,460,438,403,302,215,183,171,187,206,0,0,0,0,0,0,0,22,74,124,166,216,216,244,336,347,353,403,445,436,437,440,446,472,463,455,412,404,338,281,269,339,324,385,387,424,414,370,348,341,311,297,293,324,333,373,406,359,400,460,470,462,433,411,385,387,448,443,402,445,472,444,402,363,311,295,325,372,359,293,256,300,299,281,226,184,144,109,54,51,23,26,1,6,18,18,13,0,0,0,0,0,0,0,0,0,0,0,0,0,Caress
0,256,319,339,424,418,415,434,458,440,411,454,449,426,456,470,323,0,0,0,0,0,0,0,0,0,0,0,0,0,0,0,0,0,0,0,56,173,283,318,350,382,362,321,308,306,356,392,409,402,357,274,257,240,229,277,170,163,111,47,57,0,0,0,89,158,276,259,244,188,175,248,214,89,61,69,79,64,26,4,12,0,0,0,0,0,0,0,0,0,0,0,0,0,0,0,0,0,0,0,0,0,0,0,42,55,91,71,24,0,16,0,0,0,0,0,0,0,0,0,0,0,0,0,0,0,0,0,0,0,0,0,0,0,0,0,0,0,0,0,0,0,0,0,0,0,0,0,0,0,0,0,0,0,0,0,0,0,0,3,33,11,12,107,162,256,371,443,457,445,436,440,445,468,527,515,526,480,464,521,516,502,525,536,539,529,485,468,431,369,328,285,148,111,91,13,0,0,0,0,Caress
0,56,173,283,318,350,382,362,321,308,306,356,392,409,402,357,274,257,240,229,277,170,163,111,47,57,0,0,0,89,158,276,259,244,188,175,248,214,89,61,69,79,64,26,4,12,0,0,0,0,0,0,0,0,0,0,0,0,0,0,0,0,0,0,0,0,0,0,0,0,0,0,0,0,0,0,0,0,0,0,0,0,0,0,0,0,0,0,0,0,0,0,0,0,0,0,0,0,26,64,0,0,0,0,0,0,0,0,0,0,0,0,0,0,0,0,0,0,0,0,0,0,0,0,3,33,11,12,107,162,256,371,443,457,445,436,440,445,468,527,515,526,480,464,521,516,502,525,536,539,529,485,468,431,369,328,285,148,111,91,13,0,0,0,0,0,0,0,0,0,0,0,0,0,0,0,0,0,0,0,0,0,0,0,0,0,0,0,187,465,394,414,433,433,420,386,375,378,321,371,Caress
0,0,0,0,0,0,0,0,0,0,0,26,64,83,78,43,139,147,114,121,141,141,163,167,140,116,92,90,137,296,415,421,442,453,439,473,498,488,489,484,440,441,397,342,315,328,336,325,303,204,109,32,18,0,0,0,0,0,0,0,0,0,0,0,0,0,0,0,0,0,0,0,0,0,0,0,0,0,0,0,0,0,0,0,0,0,0,0,0,0,0,0,0,0,0,0,0,0,0,0,0,187,465,394,414,433,433,420,386,375,378,321,371,434,432,429,463,490,491,478,432,410,397,369,368,347,414,402,354,330,332,323,339,358,329,221,114,53,30,35,32,31,32,31,0,0,0,0,0,0,0,0,0,0,0,0,0,0,0,0,0,0,0,0,0,0,0,0,0,0,0,0,0,0,0,0,0,0,0,0,0,0,0,0,0,0,0,0,0,81,594,591,612,559,524,530,541,528,530,498,Caress
0,0,0,0,0,0,0,0,0,0,0,0,0,0,2,2,8,72,78,0,0,0,74,224,282,252,198,160,159,198,267,356,406,440,423,407,369,383,351,328,364,369,320,241,185,180,198,201,215,178,123,84,60,42,5,0,0,0,0,0,0,0,0,0,0,0,0,0,0,0,0,0,0,0,0,0,0,0,0,0,0,0,0,0,0,0,0,0,58,130,190,213,193,161,110,118,148,218,273,278,0,81,594,591,612,559,524,530,541,528,530,498,438,498,551,573,547,577,581,560,533,531,466,405,362,311,361,419,447,438,413,429,432,439,408,388,376,328,247,209,146,120,88,85,86,84,80,83,75,72,67,51,16,10,0,0,0,0,0,0,0,0,0,0,0,0,0,0,0,0,0,0,0,0,0,0,0,0,0,0,0,0,0,0,0,0,0,0,0,0,0,0,0,0,0,0,0,0,0,18,Caress
0,58,130,190,213,193,161,110,118,148,218,273,278,327,390,453,460,465,439,410,359,391,415,392,393,411,408,419,431,429,412,426,383,288,178,111,56,8,8,0,0,0,0,0,0,0,0,0,0,0,0,0,0,0,0,0,0,0,0,0,0,0,0,0,0,0,0,0,0,0,0,0,0,0,0,0,30,14,4,18,23,50,97,61,60,229,178,83,70,157,190,273,374,387,346,297,281,181,166,286,0,0,0,0,0,0,0,0,0,0,0,0,18,58,79,137,194,218,223,190,188,152,127,107,115,141,153,236,301,336,345,341,337,324,340,378,418,411,401,408,414,429,449,483,519,518,492,499,483,479,465,427,373,357,299,276,259,234,188,165,182,196,209,239,248,235,249,291,307,358,381,414,452,448,467,469,460,442,438,465,458,466,449,465,452,452,445,452,443,417,407,362,312,240,180,107,104,88,76,87,Caress
0,265,338,425,434,432,413,433,404,422,414,385,390,334,321,380,391,359,354,289,271,296,296,271,269,304,332,310,244,265,241,182,64,18,21,22,30,38,31,37,2,0,0,0,0,0,0,0,0,0,0,0,0,0,0,0,0,0,0,0,0,0,0,0,0,0,0,20,75,128,99,66,104,95,36,15,59,182,255,214,206,206,179,141,113,91,8,0,0,0,0,0,0,0,0,0,0,0,0,0,0,0,0,0,0,0,0,0,0,0,0,0,0,0,0,0,0,0,0,6,0,57,93,104,83,68,96,124,139,147,138,192,242,235,227,224,223,206,214,254,287,287,369,388,376,386,381,368,365,378,359,342,307,292,234,188,191,227,286,310,335,363,349,410,444,454,438,470,436,381,354,396,378,391,392,362,266,142,32,16,12,24,13,0,0,0,0,0,0,0,0,0,0,0,0,0,0,0,0,0,Caress
0,0,0,0,0,0,0,0,0,0,0,0,0,0,0,0,0,0,0,0,0,0,0,0,0,0,0,0,0,59,42,60,43,170,234,255,311,309,331,391,420,409,380,398,378,361,390,409,410,398,380,408,426,388,263,180,63,0,0,0,0,0,0,0,0,0,0,0,0,0,0,0,0,0,0,0,0,0,0,0,0,0,0,0,0,0,0,0,0,0,0,0,0,0,0,12,30,42,100,162,0,276,258,307,307,300,275,256,272,256,234,195,214,248,266,286,319,313,314,283,274,244,262,227,206,200,172,220,275,247,218,212,192,184,181,165,161,137,123,91,30,43,68,53,45,37,56,61,57,57,61,63,53,33,0,0,0,0,0,0,0,0,0,0,0,0,0,0,0,0,0,0,0,0,0,0,0,0,0,0,0,0,0,0,0,0,0,0,0,0,0,0,0,0,173,268,296,365,368,361,Caress
0,0,12,30,42,100,162,178,193,199,207,163,184,197,189,157,82,38,15,35,80,97,159,187,269,245,280,318,404,462,509,529,478,463,450,439,442,425,350,290,212,234,242,76,0,0,0,0,0,0,0,0,0,0,0,0,0,0,0,0,0,0,0,0,0,0,0,0,0,0,0,0,0,0,0,0,0,0,0,0,0,0,0,0,0,0,0,0,0,0,0,0,0,0,0,0,0,0,22,75,0,173,268,296,365,368,361,370,355,363,327,326,325,300,278,267,271,263,234,212,175,165,158,151,128,117,109,79,69,79,83,57,58,24,6,8,5,2,2,24,0,0,0,0,0,0,0,0,0,0,0,0,0,0,0,0,0,0,0,0,0,0,0,0,0,0,0,0,0,0,0,0,0,0,0,0,0,0,0,0,0,0,0,0,0,0,0,0,0,0,0,0,0,0,0,153,258,213,127,88,Caress
0,0,0,0,22,75,164,218,241,249,266,301,267,233,191,124,20,16,16,16,44,68,66,62,61,36,22,18,20,122,83,94,82,110,189,224,210,212,178,160,169,161,171,226,223,178,177,204,276,299,320,326,439,516,532,513,490,508,531,502,503,491,489,460,377,376,386,385,302,165,88,0,0,0,0,0,0,0,0,0,0,0,0,0,0,0,0,0,0,0,0,0,0,0,0,0,0,0,0,0,0,153,258,213,127,88,126,113,72,75,83,124,162,231,229,284,373,412,432,448,440,399,422,446,442,430,436,443,442,456,472,441,393,407,401,415,385,354,332,305,292,303,239,193,188,201,184,178,170,164,153,87,40,43,57,89,93,99,98,95,98,94,94,88,74,65,61,9,1,0,0,0,0,0,0,0,0,0,0,0,0,0,0,0,0,0,0,0,0,0,0,0,0,0,0,0,0,0,0,0,Caress
0,0,0,0,0,0,0,0,0,0,0,0,0,0,0,22,54,80,111,78,103,75,71,44,0,0,0,0,0,0,0,0,15,91,172,229,238,220,221,227,215,259,328,390,435,433,427,402,382,384,374,342,246,178,157,93,66,0,0,0,0,0,0,0,0,0,0,0,0,0,0,0,0,0,0,0,0,0,0,0,0,0,0,0,0,0,0,0,0,0,0,0,0,0,0,0,0,0,0,0,0,171,270,253,281,250,269,319,325,276,317,348,281,284,288,288,270,251,216,224,224,223,188,173,166,146,126,116,109,97,90,81,102,97,105,84,85,54,35,45,30,35,40,37,36,46,35,32,28,27,9,0,0,0,0,0,0,0,0,0,0,0,0,0,0,0,0,0,0,0,0,0,0,0,0,0,0,0,0,0,0,0,0,0,0,0,0,0,0,110,268,275,262,247,246,230,233,232,255,260,Caress
0,0,0,0,0,0,0,0,0,0,0,0,0,0,0,0,0,51,67,104,149,176,168,146,113,178,236,185,138,65,75,97,104,111,128,139,131,91,70,76,94,115,176,194,181,198,224,247,302,305,310,271,184,166,167,98,0,0,0,0,0,0,0,0,0,0,0,0,0,0,0,0,0,0,0,0,0,0,0,0,0,0,0,0,0,0,0,0,0,0,0,0,0,0,0,0,0,0,0,0,0,110,268,275,262,247,246,230,233,232,255,260,285,284,270,291,274,240,263,291,283,288,292,292,344,328,262,237,189,174,155,157,148,162,174,170,138,114,125,106,101,111,110,111,108,105,108,104,90,40,20,1,4,3,0,0,0,0,0,0,0,0,0,0,0,0,0,0,0,0,0,0,0,0,0,0,0,0,0,0,0,0,0,0,0,0,0,0,0,0,0,0,0,0,0,0,0,0,0,0,Caress
0,0,0,0,0,0,0,0,0,0,0,0,0,0,0,0,9,2,0,25,98,124,107,83,38,15,46,87,129,59,72,67,70,94,231,308,280,312,351,384,402,372,364,373,395,406,389,342,301,286,282,237,220,174,87,42,1,0,0,0,0,0,0,0,0,0,0,0,0,0,0,0,0,0,0,0,0,0,0,0,0,0,0,0,0,0,0,0,0,0,0,0,0,0,0,0,0,0,0,0,0,36,124,170,229,254,288,297,307,294,260,260,262,262,239,250,316,370,348,308,268,249,276,280,244,213,255,260,252,231,200,182,183,176,129,98,47,64,78,85,90,53,57,52,54,58,61,48,7,1,0,0,0,0,0,0,0,0,0,0,0,0,0,0,0,0,0,0,0,0,0,0,0,0,0,0,0,0,0,0,0,0,0,0,0,0,0,0,0,0,0,0,0,125,263,314,305,294,262,141,Caress
0,0,0,0,0,0,0,0,0,0,0,0,0,0,0,0,0,0,0,0,0,0,0,0,0,0,4,74,101,64,59,33,58,57,0,42,52,73,42,34,8,0,0,183,242,270,283,282,278,233,221,242,268,295,322,347,357,326,352,375,396,388,386,381,391,403,416,395,352,250,6,0,0,0,0,0,0,0,0,0,0,0,0,0,0,0,0,0,0,0,0,0,0,0,0,0,0,0,0,0,0,125,263,314,305,294,262,141,81,79,71,91,125,180,168,160,168,184,171,117,121,117,138,174,245,288,288,250,245,246,266,223,198,200,173,192,206,206,191,198,186,144,131,105,114,112,112,114,115,112,108,77,37,2,11,12,17,6,10,10,14,6,0,0,0,0,0,0,0,0,0,0,0,0,0,0,0,0,0,0,0,0,0,0,0,0,0,0,0,0,0,0,0,0,0,0,0,0,0,0,Caress
0,0,0,0,0,0,0,0,0,0,0,0,0,0,0,17,50,39,30,17,23,56,142,213,264,256,239,237,170,148,195,234,224,165,161,146,177,153,213,301,335,361,376,437,418,414,386,410,398,379,384,359,243,228,275,274,208,59,0,0,0,0,0,0,0,0,0,0,0,0,0,0,0,0,0,0,0,0,0,0,0,0,0,0,0,0,0,0,0,0,0,0,0,0,0,0,0,0,0,0,0,157,158,287,325,341,355,368,360,364,357,359,365,362,357,368,361,373,371,344,295,277,258,257,253,219,222,222,232,216,194,173,190,202,198,180,164,158,154,148,140,51,61,49,25,35,64,69,68,61,35,32,36,30,0,0,0,0,0,0,0,0,0,0,0,0,0,0,0,0,0,0,0,0,0,0,0,0,0,0,0,0,0,0,0,0,0,0,0,0,0,0,0,0,0,0,0,0,0,0,Caress
0,0,0,36,8,0,20,23,0,1,2,40,100,171,225,163,40,9,44,103,127,0,38,65,108,198,305,375,415,458,472,460,471,502,532,545,536,517,499,515,523,569,595,605,602,581,556,524,547,550,563,567,540,512,421,302,300,233,194,113,0,0,0,0,0,0,0,0,0,0,0,0,0,0,0,0,0,0,0,0,0,0,0,0,0,0,0,0,0,0,0,0,0,0,0,0,0,0,0,0,0,37,4,0,13,0,0,0,0,39,41,28,0,0,412,464,462,442,455,480,488,461,455,483,487,497,516,482,461,429,467,498,458,286,98,10,25,35,52,47,56,59,61,62,59,37,0,0,0,0,0,0,0,0,0,0,0,0,0,0,0,0,0,0,0,0,0,0,0,0,0,0,0,0,0,0,0,0,0,0,0,0,0,0,0,0,0,0,0,0,0,0,0,0,0,0,0,0,0,0,Caress
0,20,23,0,1,2,40,100,171,225,163,40,9,44,103,127,0,38,65,108,198,305,375,415,458,472,460,471,502,532,545,536,517,499,515,523,569,595,605,602,581,556,524,547,550,563,567,540,512,421,302,300,233,194,113,0,0,0,0,0,0,0,0,0,0,0,0,0,0,0,0,0,0,0,0,0,0,0,0,0,0,0,0,0,0,0,0,0,0,0,0,0,0,0,0,0,0,0,0,0,0,0,0,0,39,41,28,0,0,412,464,462,442,455,480,488,461,455,483,487,497,516,482,461,429,467,498,458,286,98,10,25,35,52,47,56,59,61,62,59,37,0,0,0,0,0,0,0,0,0,0,0,0,0,0,0,0,0,0,0,0,0,0,0,0,0,0,0,0,0,0,0,0,0,0,0,0,0,0,0,0,0,0,0,0,0,0,0,0,0,0,0,0,0,0,0,0,0,0,0,Caress
0,1,2,40,100,171,225,163,40,9,44,103,127,0,38,65,108,198,305,375,415,458,472,460,471,502,532,545,536,517,499,515,523,569,595,605,602,581,556,524,547,550,563,567,540,512,421,302,300,233,194,113,0,0,0,0,0,0,0,0,0,0,0,0,0,0,0,0,0,0,0,0,0,0,0,0,0,0,0,0,0,0,0,0,0,0,0,0,0,0,0,0,0,0,0,0,0,0,0,0,0,39,41,28,0,0,412,464,462,442,455,480,488,461,455,483,487,497,516,482,461,429,467,498,458,286,98,10,25,35,52,47,56,59,61,62,59,37,0,0,0,0,0,0,0,0,0,0,0,0,0,0,0,0,0,0,0,0,0,0,0,0,0,0,0,0,0,0,0,0,0,0,0,0,0,0,0,0,0,0,0,0,0,0,0,0,0,0,0,0,0,0,0,0,0,0,0,17,235,415,Caress
0,0,0,0,0,0,0,0,0,0,0,10,144,111,42,36,66,39,0,0,0,92,245,216,215,191,172,99,78,142,114,95,98,79,86,194,228,319,333,261,116,27,0,0,0,0,0,0,0,0,0,0,0,0,0,0,0,0,0,0,0,0,0,0,0,0,0,0,0,0,0,0,0,0,0,0,0,0,0,0,0,0,0,0,0,0,0,0,0,0,0,0,0,0,0,0,0,0,0,0,0,17,235,415,475,434,428,464,507,545,555,552,617,617,611,609,564,564,535,579,582,592,591,594,602,564,527,426,283,208,121,95,88,80,81,70,0,28,8,9,0,0,0,0,0,0,0,0,0,0,0,0,0,0,0,0,0,0,0,0,0,0,0,0,0,0,0,0,0,0,0,0,0,0,0,0,0,0,0,0,0,0,0,0,0,0,0,0,0,0,0,0,0,0,0,0,0,0,0,0,Caress
0,0,0,0,0,0,0,0,0,0,41,39,39,32,0,8,4,37,170,294,337,317,303,340,373,365,327,204,239,243,362,416,415,382,421,472,491,493,491,490,475,435,408,356,164,157,147,172,140,103,7,0,0,0,0,0,0,0,0,0,0,0,0,0,0,0,0,0,0,0,0,0,0,0,0,0,0,0,0,0,0,0,0,0,0,0,0,0,0,0,0,0,0,0,0,0,0,0,0,0,0,213,23,162,196,129,139,115,141,194,231,300,347,358,338,268,157,194,260,283,278,249,213,201,237,253,259,204,156,127,176,209,223,259,242,256,267,308,315,320,299,305,199,163,132,87,51,38,41,25,0,0,0,0,0,0,0,0,0,0,0,0,0,0,0,0,0,0,0,0,0,0,0,0,0,0,0,0,0,0,0,0,0,0,0,0,0,0,0,0,0,0,0,0,0,0,0,0,0,0,Caress
0,0,0,0,0,0,0,0,0,0,0,0,0,0,0,19,154,243,275,291,285,292,228,143,175,278,339,387,385,371,407,426,421,450,341,298,254,192,37,0,11,0,0,0,0,0,0,0,0,0,0,0,0,0,0,0,0,0,0,0,0,0,0,0,0,0,0,0,0,0,0,0,0,0,0,0,0,0,0,0,0,0,0,0,0,0,0,0,0,0,0,0,0,0,0,0,0,0,0,0,0,155,338,294,228,178,183,184,187,177,168,181,226,238,232,172,163,182,227,272,332,302,274,278,293,303,347,376,374,308,320,350,354,347,339,261,199,156,145,138,136,147,117,81,49,33,0,0,0,0,0,0,0,0,0,0,0,0,0,0,0,0,0,0,0,0,0,0,0,0,0,0,0,0,0,0,0,0,0,0,0,0,0,0,0,0,0,0,0,0,0,0,0,0,0,0,0,0,0,0,Caress
0,0,0,9,31,27,39,23,1,0,0,0,0,0,0,0,0,0,0,72,217,271,316,354,387,378,395,364,367,375,334,328,285,269,368,388,351,320,321,392,452,485,462,460,484,493,485,492,498,492,487,428,306,271,250,180,121,114,190,221,227,159,0,0,0,0,0,0,0,0,0,0,0,0,0,0,0,0,0,0,0,0,0,0,0,0,0,0,0,0,0,0,0,0,0,0,0,0,0,0,0,99,98,186,25,94,98,108,212,288,283,269,298,323,343,365,349,326,303,327,332,316,280,284,285,280,275,287,330,324,289,252,301,374,396,331,318,316,311,389,408,396,369,346,342,343,356,329,285,240,180,174,174,170,155,76,67,77,73,68,67,65,58,46,24,0,0,0,0,0,0,0,0,0,0,0,0,0,0,0,0,0,0,0,0,0,0,0,0,0,0,0,0,0,0,0,0,0,0,0,Caress
0,0,3,9,0,0,0,0,0,0,0,47,125,227,268,312,305,283,258,237,187,189,182,123,80,140,159,157,205,191,187,179,196,173,197,233,256,260,260,236,190,184,217,210,146,98,93,57,106,132,144,44,0,0,0,0,0,0,0,0,0,0,0,0,0,0,0,0,0,0,0,0,0,0,0,0,0,0,0,0,0,0,0,0,0,0,0,0,0,0,0,0,0,0,0,0,0,0,0,0,0,41,73,51,100,121,155,202,238,278,271,255,276,274,248,238,276,337,375,389,393,342,263,184,162,193,174,251,323,323,325,309,312,277,228,222,215,207,202,190,179,149,136,98,59,5,18,61,62,72,58,55,27,0,0,0,0,0,0,0,0,0,0,0,0,0,0,0,0,0,0,0,0,0,0,0,0,0,0,0,0,0,0,0,0,0,0,0,0,0,0,0,0,0,0,0,0,0,0,0,Caress
0,0,48,95,94,87,66,40,33,0,0,0,41,93,204,248,248,213,233,268,253,146,102,153,132,208,265,251,260,249,178,211,195,163,82,73,106,131,97,62,32,15,0,20,11,0,0,0,0,0,0,0,0,0,0,0,0,0,0,0,0,0,0,0,0,0,0,0,0,0,0,0,0,0,0,0,0,0,0,0,0,0,0,0,0,0,0,0,0,0,0,0,0,0,0,0,0,0,0,0,0,29,63,94,149,195,196,241,232,220,198,167,121,147,166,212,238,228,227,190,199,270,198,93,20,69,210,283,307,285,199,193,184,157,118,88,65,25,64,62,60,58,55,48,27,15,0,0,0,0,0,0,0,0,0,0,0,0,0,0,0,0,0,0,0,0,0,0,0,0,0,0,0,0,0,0,0,0,0,0,0,0,0,0,0,0,0,0,0,0,0,0,0,0,0,0,0,0,0,0,Caress
0,33,80,116,77,0,0,12,19,23,18,0,0,0,2,180,192,213,263,273,269,245,242,293,301,297,279,205,270,345,307,256,241,236,236,229,220,229,235,242,269,260,221,271,270,260,274,244,248,251,203,190,158,140,80,30,37,45,53,58,43,0,0,0,0,0,0,0,0,0,0,0,0,0,0,0,0,0,0,0,0,0,0,0,0,0,0,0,0,0,0,0,0,0,0,0,0,0,0,0,0,0,0,0,0,0,0,0,0,2,4,28,8,62,115,184,192,194,208,202,193,145,113,151,247,236,205,191,206,229,224,134,108,119,216,230,246,253,248,217,187,179,191,272,270,225,146,98,114,153,198,163,132,39,0,0,0,0,0,0,0,0,7,11,0,0,0,0,0,0,0,0,0,0,0,0,0,0,0,0,0,0,0,0,0,0,0,0,0,0,0,0,0,0,0,0,0,0,0,0,Caress
0,12,19,23,18,0,0,0,2,180,192,213,263,273,269,245,242,293,301,297,279,205,270,345,307,256,241,236,236,229,220,229,235,242,269,260,221,271,270,260,274,244,248,251,203,190,158,140,80,30,37,45,53,58,43,0,0,0,0,0,0,0,0,0,0,0,0,0,0,0,0,0,0,0,0,0,0,0,0,0,0,0,0,0,0,0,0,0,0,0,0,0,0,0,0,0,0,0,0,0,0,0,0,2,4,28,8,62,115,184,192,194,208,202,193,145,113,151,247,236,205,191,206,229,224,134,108,119,216,230,246,253,248,217,187,179,191,272,270,225,146,98,114,153,198,163,132,39,0,0,0,0,0,0,0,0,7,11,0,0,0,0,0,0,0,0,0,0,0,0,0,0,0,0,0,0,0,0,0,0,0,0,0,0,0,0,0,0,0,0,0,0,0,0,0,0,0,0,0,0,Caress
0,0,0,0,0,0,0,0,0,0,0,0,0,0,0,0,0,0,0,0,0,0,0,0,0,0,0,0,0,0,0,0,0,0,0,0,0,0,0,0,0,0,0,0,0,0,0,0,0,0,0,0,0,0,0,0,0,12,63,92,130,137,177,165,124,110,113,126,199,171,105,146,217,248,270,318,368,407,430,388,293,262,316,409,428,410,380,358,364,331,321,318,273,315,331,312,294,285,256,301,0,7,11,0,0,0,0,0,0,0,0,0,0,0,0,0,0,0,0,0,0,0,0,0,0,0,0,0,0,0,0,0,0,0,0,0,0,0,0,0,0,0,0,0,0,0,0,0,0,0,0,0,0,0,0,0,0,0,0,0,0,0,0,0,0,0,0,0,0,0,0,0,0,1,0,0,0,5,5,24,3,0,0,0,40,39,49,115,115,156,107,44,46,198,204,145,89,71,65,56,Caress
0,12,63,92,130,137,177,165,124,110,113,126,199,171,105,146,217,248,270,318,368,407,430,388,293,262,316,409,428,410,380,358,364,331,321,318,273,315,331,312,294,285,256,301,328,315,248,248,230,162,0,0,0,0,0,0,0,0,0,0,0,0,0,0,0,0,0,0,0,0,0,0,0,0,0,0,0,0,0,0,0,0,0,0,0,0,0,0,0,0,0,0,0,0,0,0,0,0,0,0,0,0,0,0,0,0,0,0,0,0,0,0,0,0,0,0,0,1,0,0,0,5,5,24,3,0,0,0,40,39,49,115,115,156,107,44,46,198,204,145,89,71,65,56,49,47,55,62,66,44,25,44,58,64,80,31,15,15,0,0,0,0,0,0,0,0,0,0,0,0,0,0,0,0,0,0,0,0,0,0,0,0,0,0,0,0,0,0,0,0,0,0,0,0,0,0,0,0,0,0,Caress
0,89,168,253,201,117,96,100,150,250,244,156,119,56,35,45,104,161,122,53,0,0,10,111,167,157,146,131,40,67,185,414,504,511,494,425,298,281,259,277,275,320,338,350,335,340,346,379,433,482,510,515,518,487,430,431,446,429,412,354,304,266,181,35,9,1,55,0,0,0,0,0,0,0,0,0,0,0,0,0,0,0,0,0,0,0,0,0,0,0,0,0,0,0,0,0,0,0,0,0,0,0,0,0,0,0,0,0,0,0,0,0,0,0,0,0,0,0,0,0,0,0,0,0,0,0,0,0,1,0,0,0,0,0,0,0,0,0,0,98,129,213,178,159,147,145,139,143,132,152,150,106,83,83,91,67,43,61,39,26,6,12,0,0,0,0,0,0,0,0,0,0,0,0,0,0,0,0,0,0,0,0,0,0,0,0,0,0,0,0,0,0,0,0,0,0,0,0,0,0,Caress
0,10,111,167,157,146,131,40,67,185,414,504,511,494,425,298,281,259,277,275,320,338,350,335,340,346,379,433,482,510,515,518,487,430,431,446,429,412,354,304,266,181,35,9,1,55,0,0,0,0,0,0,0,0,0,0,0,0,0,0,0,0,0,0,0,0,0,0,0,0,0,0,0,0,0,0,0,0,0,0,0,0,0,0,0,0,0,0,0,0,0,0,0,0,0,0,0,0,0,0,0,0,0,0,0,0,0,1,0,0,0,0,0,0,0,0,0,0,98,129,213,178,159,147,145,139,143,132,152,150,106,83,83,91,67,43,61,39,26,6,12,0,0,0,0,0,0,0,0,0,0,0,0,0,0,0,0,0,0,0,0,0,0,0,0,0,0,0,0,0,0,0,0,0,0,0,0,0,0,0,0,0,0,0,0,0,0,0,0,0,0,0,0,0,0,0,0,0,0,0,Caress
0,5,97,118,117,95,120,179,251,292,298,299,274,262,237,226,176,118,12,19,195,294,351,320,247,166,147,246,284,387,458,480,464,398,320,239,248,322,365,343,290,238,248,345,344,326,366,390,396,351,347,337,341,304,253,236,219,191,165,160,173,169,37,9,0,0,0,0,0,0,0,0,0,0,0,0,0,0,0,0,0,0,0,0,0,0,0,0,0,0,0,0,0,0,0,0,0,0,0,0,0,0,0,0,0,0,0,0,0,0,0,0,0,0,0,0,0,0,1,5,37,43,50,56,55,55,55,51,61,72,217,305,316,306,303,285,313,339,348,338,351,333,330,289,227,269,316,328,301,245,285,305,299,252,304,342,323,238,149,95,93,87,75,79,84,88,96,69,33,0,0,0,0,0,0,0,0,0,0,0,0,0,0,0,0,0,0,0,0,0,0,0,0,0,0,0,0,0,0,0,Caress
0,0,0,0,0,0,0,32,131,140,116,22,50,177,223,280,281,258,259,304,330,347,371,379,413,362,338,306,355,378,382,367,310,241,320,353,350,355,362,379,382,344,349,362,369,366,365,345,340,295,210,130,115,103,35,0,0,0,0,0,0,0,0,0,0,0,0,0,0,0,0,0,0,0,0,0,0,0,0,0,0,0,0,0,0,0,0,0,0,0,0,0,0,0,0,0,0,0,0,0,0,1,3,5,12,10,29,14,7,5,9,8,0,2,9,11,24,37,46,57,68,102,162,224,242,231,204,219,225,246,248,231,248,262,197,143,166,213,235,194,121,86,70,133,162,182,189,144,62,70,98,134,166,172,157,170,130,96,88,72,60,27,9,8,0,0,0,0,0,0,0,0,0,0,0,0,0,0,0,0,0,0,0,0,0,0,0,0,0,0,0,0,0,0,0,0,0,0,0,0,Caress
0,2,7,48,57,61,71,59,76,96,84,48,15,58,104,119,135,167,216,247,263,238,261,296,348,417,455,474,444,415,402,400,424,445,440,451,454,440,377,377,390,405,393,371,349,325,375,396,381,333,298,317,321,304,233,87,42,54,0,0,0,0,0,0,0,0,0,0,0,0,0,0,0,0,0,0,0,0,0,0,0,0,0,0,0,0,0,0,0,0,0,0,0,0,0,0,0,0,0,0,0,0,0,0,0,0,0,0,0,0,0,0,0,0,0,0,0,0,0,0,2,5,3,3,4,8,16,11,15,28,33,56,147,201,207,160,111,101,74,46,113,153,207,163,144,148,138,100,102,93,74,78,72,68,66,67,11,35,31,38,19,11,0,0,0,0,0,0,0,0,0,0,0,0,0,0,0,0,0,0,0,0,0,0,0,0,0,0,0,0,0,0,0,0,0,0,0,0,0,0,Caress
0,0,0,0,0,6,0,0,0,135,291,289,246,269,310,377,405,434,444,443,437,405,417,442,419,429,441,465,468,480,501,517,532,536,537,517,506,503,490,480,487,471,470,470,438,403,380,356,372,395,410,409,356,308,264,144,47,44,1,0,0,0,0,0,0,0,0,0,0,0,0,0,0,0,0,0,0,0,0,0,0,0,0,0,0,0,0,0,0,0,0,0,0,0,0,0,0,0,0,0,0,35,228,349,333,267,313,367,372,366,387,436,459,458,424,373,329,339,349,331,300,289,267,316,381,394,354,308,243,212,144,99,99,93,74,70,49,42,49,52,52,43,46,45,50,48,50,47,39,40,39,34,34,21,0,0,0,0,0,0,0,0,0,0,0,0,0,0,0,0,0,0,0,0,0,0,0,0,0,0,0,0,0,0,0,0,0,0,0,0,0,0,0,0,0,0,0,0,0,0,Caress
0,0,0,0,51,67,113,148,190,190,209,222,208,196,199,197,207,237,309,343,322,339,350,339,295,237,244,194,202,209,204,203,183,168,224,286,338,339,290,208,134,94,161,235,290,330,324,306,277,239,161,134,139,140,97,62,245,376,375,324,261,91,61,0,0,0,0,0,0,0,0,0,0,0,0,0,0,0,0,0,0,0,0,0,0,0,0,0,0,0,0,0,0,0,0,0,0,0,0,0,0,16,128,252,313,338,340,329,338,349,379,373,358,350,382,399,438,443,415,376,393,401,404,406,406,412,417,408,439,464,447,434,440,456,466,470,475,479,495,462,437,415,356,285,223,162,158,103,78,80,83,80,79,80,67,47,80,16,15,0,0,0,0,0,0,0,0,0,0,0,0,0,0,0,0,0,0,0,0,0,0,0,0,0,0,0,0,0,0,0,0,0,0,0,0,0,0,0,0,0,Caress
0,0,0,0,0,0,17,11,10,9,18,0,0,0,0,0,0,0,0,0,0,0,0,0,0,54,152,250,295,311,330,341,330,336,397,426,430,430,421,398,360,327,256,155,62,0,0,0,0,0,0,0,0,0,0,0,0,0,0,0,0,0,0,0,0,0,0,0,0,0,0,0,0,0,0,0,0,0,0,0,0,0,0,0,0,0,0,0,0,0,0,0,0,0,0,0,0,0,0,0,0,25,113,195,275,328,327,390,418,436,455,470,485,483,466,443,420,385,367,264,194,156,96,38,39,56,0,0,0,0,0,0,0,0,0,0,0,0,0,0,0,0,0,0,0,0,0,0,0,0,0,0,0,0,0,0,0,0,0,0,0,0,0,0,0,0,0,0,0,0,0,0,0,0,0,0,0,0,0,0,0,0,0,0,0,0,0,0,0,0,0,0,0,0,0,0,0,0,0,0,Caress
0,296,320,355,377,367,348,327,268,236,251,236,241,270,282,288,331,333,379,395,399,387,419,421,425,418,426,436,447,466,449,365,338,393,378,429,396,420,420,426,417,399,384,417,422,413,397,379,370,361,332,310,248,224,174,121,109,0,0,0,0,0,0,0,0,0,0,0,0,0,0,0,0,0,0,0,0,0,0,0,0,0,0,0,0,0,0,0,0,0,0,0,0,0,0,0,0,0,0,0,0,185,212,209,128,70,65,76,110,151,148,136,108,98,105,99,105,77,53,43,42,42,37,38,44,46,50,53,55,58,58,58,62,65,67,72,32,7,6,2,6,0,0,0,0,0,0,0,0,0,0,0,0,0,0,0,0,0,0,0,0,0,0,0,0,0,0,0,0,0,0,0,0,0,0,0,0,0,0,0,0,0,0,0,0,0,0,0,0,0,0,0,0,0,0,0,0,0,0,0,Caress
0,7,0,0,50,107,164,190,222,215,221,218,167,137,113,103,107,142,179,193,237,261,274,278,282,295,288,291,241,248,283,287,263,228,206,212,212,179,188,164,131,190,207,256,263,291,296,299,314,285,248,274,321,334,330,269,218,148,111,30,29,10,0,0,0,0,0,0,0,0,0,0,0,0,0,0,0,0,0,0,0,0,0,0,0,0,0,0,0,0,0,0,0,0,0,0,0,0,0,0,0,0,60,91,140,132,131,83,33,23,0,11,18,25,25,29,32,34,31,31,19,14,21,21,21,29,33,33,36,41,39,38,29,23,31,34,39,39,46,47,55,37,44,54,60,57,23,1,0,0,0,0,0,0,0,0,0,0,0,0,0,0,0,0,0,0,0,0,0,0,0,0,0,0,0,0,0,0,0,0,0,0,0,0,0,0,0,0,0,0,0,0,0,0,0,0,0,0,0,0,Caress
0,0,0,0,0,0,0,0,0,0,0,0,0,0,0,0,0,0,0,0,0,0,0,0,20,86,96,40,103,117,147,153,149,156,158,155,141,84,54,124,175,142,130,100,129,162,223,213,193,234,223,239,211,213,264,285,307,321,313,248,197,162,192,167,146,203,252,147,90,58,0,0,0,0,0,0,0,0,0,0,0,0,0,0,0,0,0,0,0,0,0,0,0,0,0,0,0,0,0,0,0,47,235,296,329,346,347,307,258,228,223,214,178,176,150,189,238,279,316,327,330,311,311,319,341,320,282,302,367,343,303,262,241,225,170,168,181,213,229,229,203,210,197,155,192,224,246,196,261,280,277,296,327,325,316,302,260,203,155,152,138,114,80,63,45,5,6,0,0,0,0,0,0,0,0,0,0,0,0,0,0,0,0,0,0,0,0,0,0,0,0,0,0,0,0,0,0,0,0,0,Caress
0,37,18,62,104,173,219,284,276,262,266,358,298,216,173,127,147,162,0,0,38,121,149,128,136,211,222,230,253,277,262,243,311,398,388,281,134,25,13,0,0,0,0,0,0,0,0,0,0,0,0,0,0,0,0,0,0,0,0,0,0,0,0,0,0,0,0,0,0,0,0,0,0,0,0,0,0,0,0,0,0,0,0,0,0,0,0,0,0,0,0,0,0,0,0,0,0,0,0,0,0,0,0,0,0,0,0,0,0,17,0,0,0,0,0,0,0,0,0,0,22,6,2,1,0,0,6,7,10,15,30,46,56,66,87,135,213,286,280,270,216,210,215,237,288,341,375,443,460,471,429,453,473,441,353,203,176,131,29,0,0,0,0,0,0,0,0,0,0,0,0,0,0,0,0,0,0,0,0,0,0,0,0,0,0,0,0,0,0,0,0,0,0,0,0,0,0,0,0,0,Caress
0,38,121,149,128,136,211,222,230,253,277,262,243,311,398,388,281,134,25,13,0,0,0,0,0,0,0,0,0,0,0,0,0,0,0,0,0,0,0,0,0,0,0,0,0,0,0,0,0,0,0,0,0,0,0,0,0,0,0,0,0,0,0,0,0,0,0,0,0,0,0,0,0,0,0,0,0,0,0,0,0,0,0,0,0,0,0,0,0,0,0,0,142,267,349,389,400,429,423,410,0,22,6,2,1,0,0,6,7,10,15,30,46,56,66,87,135,213,286,280,270,216,210,215,237,288,341,375,443,460,471,429,453,473,441,353,203,176,131,29,0,0,0,0,0,0,0,0,0,0,0,0,0,0,0,0,0,0,0,0,0,0,0,0,0,0,0,0,0,0,0,0,0,0,0,0,0,0,0,0,0,0,0,0,0,0,0,0,0,0,0,0,0,0,0,0,0,0,0,0,Caress
0,142,267,349,389,400,429,423,410,377,349,359,384,366,366,348,345,315,279,250,210,175,252,252,300,357,380,420,441,462,397,382,423,432,406,267,144,71,81,59,54,60,42,37,24,0,0,0,0,0,0,0,0,0,0,0,0,0,0,0,0,0,0,0,0,0,0,0,0,0,0,0,0,0,0,0,0,0,0,0,0,0,0,0,0,0,0,0,0,0,0,0,0,0,0,0,0,0,0,0,0,0,0,0,0,0,0,0,0,0,0,0,0,0,0,0,0,0,0,19,41,11,11,28,34,30,35,40,41,94,143,154,155,139,49,47,114,98,47,31,31,31,107,272,362,396,409,296,226,172,144,0,0,0,0,0,0,0,0,0,0,0,0,0,0,0,0,0,0,0,0,0,0,0,0,0,0,0,0,0,0,0,0,0,0,0,0,0,0,0,0,0,0,0,0,0,0,0,0,0,Caress
0,117,266,352,428,465,467,461,421,440,441,436,402,396,429,448,420,360,328,378,419,432,348,215,130,48,0,0,17,84,160,175,161,184,217,277,394,446,463,434,352,270,182,36,0,0,0,0,0,0,0,0,0,0,0,0,0,0,0,0,0,0,0,0,0,0,0,0,0,0,0,0,0,0,0,0,0,0,0,0,0,0,0,0,0,0,0,0,0,0,0,0,0,0,0,0,0,0,0,0,0,0,0,0,0,4,20,29,39,57,22,11,48,48,33,52,71,38,1,22,32,0,33,57,99,106,83,65,41,33,43,33,154,279,372,428,436,396,359,363,377,391,375,356,308,228,173,129,54,11,0,48,43,4,0,0,0,0,0,0,0,0,0,0,0,0,0,0,0,0,0,0,0,0,0,0,0,0,0,0,0,0,0,0,0,0,0,0,0,0,0,0,0,0,0,0,0,0,0,0,Caress
0,0,0,0,0,0,0,0,0,0,0,0,0,0,0,0,0,0,0,0,0,0,0,0,0,0,0,0,0,0,0,0,0,0,0,0,0,0,0,0,0,0,0,0,0,0,0,0,0,0,0,0,0,0,0,0,0,0,0,0,0,0,143,237,319,336,345,294,252,267,303,273,271,227,222,279,290,342,327,222,87,138,166,171,151,298,349,331,284,320,387,419,357,161,18,42,40,0,0,0,0,48,43,4,0,0,0,0,0,0,0,0,0,0,0,0,0,0,0,0,0,0,0,0,0,0,0,0,0,0,0,0,0,0,0,0,0,0,0,0,0,0,0,0,0,0,0,0,0,0,0,0,0,0,0,0,0,0,0,0,0,0,0,0,0,0,0,0,0,0,0,0,0,0,0,0,0,0,0,0,10,0,0,0,0,0,0,139,207,290,312,187,103,148,178,136,94,56,48,178,Caress
0,143,237,319,336,345,294,252,267,303,273,271,227,222,279,290,342,327,222,87,138,166,171,151,298,349,331,284,320,387,419,357,161,18,42,40,0,0,0,0,0,0,0,0,0,0,0,0,0,0,0,0,0,0,0,0,0,0,0,0,0,0,0,0,0,0,0,0,0,0,0,0,0,0,0,0,0,0,0,0,0,0,0,0,0,0,0,0,0,0,0,0,0,0,0,0,0,0,0,0,0,0,0,0,0,0,0,0,0,0,0,0,0,0,0,0,0,0,0,10,0,0,0,0,0,0,139,207,290,312,187,103,148,178,136,94,56,48,178,247,124,97,0,0,0,0,0,0,0,0,0,0,0,0,0,0,0,0,0,0,0,0,0,0,0,0,0,0,0,0,0,0,0,0,0,0,0,0,0,0,0,0,0,0,0,0,0,0,0,0,0,0,0,0,0,0,0,0,0,0,Caress
0,117,158,212,255,332,402,384,427,442,454,485,484,463,507,527,507,541,552,554,516,460,342,208,96,52,8,23,38,0,0,0,0,0,0,0,0,0,0,0,0,0,0,0,0,0,0,0,0,0,0,0,0,0,0,0,0,0,0,0,0,0,0,0,0,0,0,0,0,0,0,0,0,0,0,0,0,0,0,0,0,0,0,0,0,0,0,0,0,0,0,0,0,0,0,0,0,0,0,0,0,0,0,0,0,0,0,0,0,6,60,6,24,7,29,17,16,6,7,8,30,44,58,44,38,11,36,108,139,54,10,0,0,0,0,0,0,0,0,0,0,0,0,0,0,0,0,0,0,0,0,0,0,0,0,0,0,0,0,0,0,0,0,0,0,0,0,0,0,0,0,0,0,0,0,0,0,0,0,0,0,0,0,0,0,0,0,0,0,0,0,0,0,0,0,0,0,0,0,0,Caress
0,14,104,227,255,282,258,222,250,316,331,351,337,310,231,181,144,181,184,216,281,326,333,302,239,205,207,190,264,301,242,146,74,0,0,0,0,0,0,0,0,0,0,0,0,0,0,0,0,0,0,0,0,0,0,0,0,0,0,0,0,0,0,0,0,0,0,0,0,0,0,0,0,0,0,0,0,0,0,0,0,0,0,0,0,0,0,0,0,0,0,0,0,0,0,0,0,0,0,0,0,0,0,0,0,0,0,0,0,0,0,0,0,0,0,44,100,88,107,100,100,66,188,294,347,383,353,355,308,296,329,324,338,320,282,179,127,64,66,88,87,131,149,91,66,23,0,0,0,0,0,0,0,0,0,0,0,0,0,0,0,0,0,0,0,0,0,0,0,0,0,0,0,0,0,0,0,0,0,0,0,0,0,0,0,0,0,0,0,0,0,0,0,0,0,0,0,0,0,0,Caress
0,64,160,327,356,373,382,386,430,454,446,436,412,401,390,372,390,422,499,555,551,557,559,540,537,533,571,572,588,628,622,641,629,592,504,409,307,174,43,6,1,1,0,10,0,0,0,0,0,0,0,0,0,0,0,0,0,0,0,0,0,0,0,0,0,0,0,0,0,0,0,0,0,0,0,0,0,0,0,0,0,0,0,0,0,0,0,0,0,0,0,0,0,0,0,0,0,0,0,0,0,0,0,0,0,0,0,0,0,0,0,0,0,0,0,35,82,114,109,109,70,35,5,0,0,0,0,0,1,101,173,238,201,145,83,67,69,91,49,15,95,87,168,288,310,308,223,72,0,0,0,0,0,0,0,0,0,0,0,0,0,0,0,0,0,0,0,0,0,0,0,0,0,0,0,0,0,0,0,0,0,0,0,0,0,0,0,0,0,0,0,0,0,0,0,0,0,0,0,0,Caress
0,74,233,283,321,331,361,395,414,434,482,475,476,453,437,453,493,545,577,593,606,613,611,607,565,509,419,364,292,225,140,100,83,76,53,36,11,9,111,139,148,146,179,187,227,268,301,263,201,164,108,28,0,0,0,0,0,0,0,0,0,0,0,0,0,0,0,0,0,0,0,0,0,0,0,0,0,0,0,0,0,0,0,0,0,0,0,0,0,0,0,0,0,0,0,0,0,0,0,0,0,0,0,0,0,0,0,0,0,0,0,0,0,0,0,0,0,0,0,0,0,0,0,0,0,0,0,0,0,0,0,0,0,5,9,12,28,122,209,317,440,501,524,533,514,471,388,348,306,279,248,238,214,201,200,187,178,182,216,227,209,150,75,0,0,0,0,0,0,0,0,0,0,0,0,0,0,0,0,0,0,0,0,0,0,0,0,0,0,0,0,0,0,0,0,0,0,0,0,0,Caress
0,135,204,253,339,367,372,333,284,312,362,416,445,457,461,443,453,475,466,479,455,415,356,244,218,236,345,436,441,423,385,340,326,271,172,84,92,88,68,27,0,0,0,0,0,0,0,0,0,0,0,0,0,0,0,0,0,0,0,0,0,0,0,0,0,0,0,0,0,0,0,0,0,0,0,0,0,0,0,0,0,0,0,0,0,0,0,0,0,0,0,0,0,0,0,0,0,0,0,0,0,0,0,0,0,0,0,0,0,0,0,0,0,0,0,0,0,0,0,0,33,129,144,120,87,58,21,37,119,239,295,261,231,263,282,325,317,275,315,232,136,65,34,0,0,0,0,0,0,0,0,0,0,0,0,0,0,0,0,0,0,0,0,0,0,0,0,0,0,0,0,0,0,0,0,0,0,0,0,0,0,0,0,0,0,0,0,0,0,0,0,0,0,0,0,0,0,0,0,0,Caress
0,0,0,0,0,0,0,0,0,0,0,0,0,45,87,163,183,172,190,275,336,353,328,336,364,392,398,401,421,434,446,445,392,393,431,473,508,505,497,486,506,502,494,493,492,510,525,496,452,406,434,478,517,573,544,507,484,469,407,365,299,108,0,0,0,0,0,0,0,0,0,0,0,0,0,0,0,0,0,0,0,0,0,0,0,0,0,0,0,0,0,0,0,0,0,0,0,0,0,0,0,95,154,272,458,467,421,327,323,329,296,297,386,486,520,523,544,572,559,536,479,450,456,459,460,450,433,411,366,387,394,407,419,392,330,261,203,172,126,106,78,68,65,41,41,12,3,0,12,25,29,9,17,30,21,11,0,0,0,0,0,0,0,0,0,0,0,0,0,0,0,0,0,0,0,0,0,0,0,0,0,0,0,0,0,0,0,0,0,0,0,0,0,0,0,0,0,0,0,0,Caress
0,0,0,44,58,63,47,53,66,93,135,146,154,206,241,306,332,330,322,336,344,323,312,288,281,299,329,287,97,75,177,145,228,340,473,500,496,470,420,367,340,308,231,178,239,177,186,318,374,417,322,143,0,0,0,0,0,0,0,0,0,0,0,0,0,0,0,0,0,0,0,0,0,0,0,0,0,0,0,0,0,0,0,0,0,0,0,0,0,0,0,0,0,0,0,0,0,0,0,0,0,149,305,294,347,327,310,278,212,152,112,111,170,179,212,208,169,156,157,151,157,119,103,93,83,86,58,33,0,0,0,0,58,223,285,319,341,337,325,301,200,150,147,124,39,4,0,0,0,0,0,0,0,0,0,0,0,0,0,0,0,0,0,0,0,0,0,0,0,0,0,0,0,0,0,0,0,0,0,0,0,0,0,0,0,0,0,0,0,0,0,0,0,0,0,0,0,0,0,0,Caress
0,48,29,17,2,0,0,0,0,9,84,115,148,139,163,192,239,274,269,286,235,221,280,294,280,342,389,412,438,435,427,389,400,389,277,114,72,3,144,244,305,331,329,337,326,269,182,87,12,0,0,0,0,0,0,0,0,0,0,0,0,0,0,0,0,0,0,0,0,0,0,0,0,0,0,0,0,0,0,0,0,0,0,0,0,0,0,0,0,0,0,0,0,0,0,0,0,0,0,0,0,0,0,128,104,161,181,148,150,221,197,233,228,210,212,280,310,309,266,254,254,236,228,259,362,373,327,300,302,339,379,367,382,308,191,173,145,112,11,0,0,0,0,0,13,8,22,0,0,0,0,0,0,0,0,0,0,0,0,0,0,0,0,0,0,0,0,0,0,0,0,0,0,0,0,0,0,0,0,0,0,0,0,0,0,0,0,0,0,0,0,0,0,0,0,0,0,0,0,0,Caress
0,53,49,32,15,0,0,0,0,89,113,144,183,201,207,175,249,304,307,345,372,355,361,389,323,361,417,454,448,483,509,510,489,461,478,464,481,418,386,375,397,412,448,481,473,468,453,469,438,423,395,388,410,389,336,253,102,0,1,0,0,0,0,0,0,0,0,0,0,0,0,0,0,0,0,0,0,0,0,0,0,0,0,0,0,0,0,0,0,0,0,0,0,0,0,0,0,0,0,0,0,79,8,45,45,148,183,268,323,334,336,307,349,390,404,443,379,301,237,262,331,368,291,225,318,263,273,339,404,463,446,379,307,216,210,179,170,176,181,176,165,124,99,72,83,79,72,44,4,17,0,0,0,0,0,0,0,0,0,0,0,0,0,0,0,0,0,0,0,0,0,0,0,0,0,0,0,0,0,0,0,0,0,0,0,0,0,0,0,0,0,0,0,0,0,0,0,0,0,0,Caress
0,1,0,0,0,0,0,0,0,0,0,0,0,0,0,0,0,0,0,0,0,0,0,0,0,0,0,0,0,0,0,0,0,0,0,0,0,0,0,0,0,0,0,0,0,0,0,0,313,377,236,270,356,417,468,504,514,524,510,455,380,372,369,374,378,378,381,339,330,309,297,315,342,339,332,320,326,379,381,337,288,273,261,197,143,121,203,216,129,47,0,0,0,0,0,0,0,0,0,0,0,0,0,0,0,0,0,0,0,0,0,0,0,0,0,0,0,0,0,0,0,0,0,0,0,0,0,0,0,0,0,0,0,0,0,0,0,0,0,0,0,0,0,0,0,0,39,98,194,199,134,53,67,79,128,177,195,207,149,101,88,110,109,160,216,246,284,276,234,241,267,276,297,331,339,308,327,310,327,344,356,371,317,190,118,162,274,301,233,182,120,105,88,71,72,44,55,50,28,4,Caress
0,0,0,313,377,236,270,356,417,468,504,514,524,510,455,380,372,369,374,378,378,381,339,330,309,297,315,342,339,332,320,326,379,381,337,288,273,261,197,143,121,203,216,129,47,0,0,0,0,0,0,0,0,0,0,0,0,0,0,0,0,0,0,0,0,0,0,0,0,0,0,0,0,0,0,0,0,0,0,0,0,0,0,0,0,0,0,0,0,0,0,2,0,0,0,0,49,108,129,100,0,39,98,194,199,134,53,67,79,128,177,195,207,149,101,88,110,109,160,216,246,284,276,234,241,267,276,297,331,339,308,327,310,327,344,356,371,317,190,118,162,274,301,233,182,120,105,88,71,72,44,55,50,28,4,0,0,0,0,0,0,0,0,0,0,0,0,0,0,0,0,0,0,0,0,0,0,0,0,0,0,0,0,0,0,0,0,0,0,0,0,0,0,0,0,0,0,0,0,0,Caress
0,2,0,0,0,0,49,108,129,100,109,164,228,233,138,57,75,82,157,223,213,226,271,306,306,333,382,428,457,506,513,510,433,397,338,275,239,226,198,222,204,233,248,239,258,279,261,262,208,117,92,27,0,0,0,0,0,0,0,0,0,0,0,0,0,0,0,0,0,0,0,0,0,0,0,0,0,0,0,0,0,0,0,0,0,0,0,0,0,0,0,0,0,0,0,0,0,0,0,0,0,0,0,0,0,0,0,0,0,0,0,0,0,0,0,0,0,0,0,0,0,0,0,0,0,0,0,0,0,2,32,99,116,134,115,91,22,5,65,169,204,115,65,75,119,153,191,223,184,128,100,88,0,1,0,2,2,1,0,0,0,0,0,0,0,0,0,0,0,0,0,0,0,0,0,0,0,0,0,0,0,0,0,0,0,0,0,0,0,0,0,0,0,0,0,0,0,0,0,0,Caress
0,49,108,129,100,109,164,228,233,138,57,75,82,157,223,213,226,271,306,306,333,382,428,457,506,513,510,433,397,338,275,239,226,198,222,204,233,248,239,258,279,261,262,208,117,92,27,0,0,0,0,0,0,0,0,0,0,0,0,0,0,0,0,0,0,0,0,0,0,0,0,0,0,0,0,0,0,0,0,0,0,0,0,0,0,0,0,0,0,0,0,0,0,0,0,0,0,0,0,0,0,0,0,0,0,0,0,0,0,0,0,0,0,0,0,0,0,0,0,0,0,0,0,0,2,32,99,116,134,115,91,22,5,65,169,204,115,65,75,119,153,191,223,184,128,100,88,0,1,0,2,2,1,0,0,0,0,0,0,0,0,0,0,0,0,0,0,0,0,0,0,0,0,0,0,0,0,0,0,0,0,0,0,0,0,0,0,0,0,0,0,0,0,0,0,0,0,0,0,0,Caress
0,0,0,0,0,0,0,0,0,0,0,0,0,0,0,0,0,0,0,0,0,0,0,0,0,0,0,0,0,0,0,0,0,0,0,0,0,0,0,0,0,0,0,0,0,0,0,0,0,0,0,0,0,0,0,0,0,0,0,0,0,0,0,0,0,0,0,3,0,57,41,7,36,58,131,192,207,197,185,194,208,218,135,24,0,73,153,217,253,260,250,227,238,277,300,296,321,232,186,181,0,1,0,2,2,1,0,0,0,0,0,0,0,0,0,0,0,0,0,0,0,0,0,0,0,0,0,0,0,0,0,0,0,0,0,0,0,0,0,0,0,0,0,0,0,0,0,0,0,0,0,0,0,0,0,0,0,0,0,0,0,0,0,0,0,0,0,0,0,0,0,0,0,0,0,0,0,0,0,0,0,1,0,0,0,2,6,27,27,45,56,60,53,130,133,66,52,104,134,148,Caress
0,0,0,0,0,0,0,0,0,0,0,0,0,0,0,0,0,0,0,0,0,0,0,0,0,0,0,0,0,0,0,0,0,0,0,0,0,0,0,0,0,0,0,0,0,0,0,0,0,0,0,0,0,0,0,0,0,0,0,0,0,0,0,0,0,3,0,57,41,7,36,58,131,192,207,197,185,194,208,218,135,24,0,73,153,217,253,260,250,227,238,277,300,296,321,232,186,181,137,124,0,2,2,1,0,0,0,0,0,0,0,0,0,0,0,0,0,0,0,0,0,0,0,0,0,0,0,0,0,0,0,0,0,0,0,0,0,0,0,0,0,0,0,0,0,0,0,0,0,0,0,0,0,0,0,0,0,0,0,0,0,0,0,0,0,0,0,0,0,0,0,0,0,0,0,0,0,0,0,1,0,0,0,2,6,27,27,45,56,60,53,130,133,66,52,104,134,148,147,98,Caress
0,3,0,57,41,7,36,58,131,192,207,197,185,194,208,218,135,24,0,73,153,217,253,260,250,227,238,277,300,296,321,232,186,181,137,124,103,114,135,189,217,240,246,231,236,317,356,355,290,179,75,157,208,171,116,33,16,35,58,84,74,79,0,0,0,9,12,0,69,196,285,285,256,228,150,100,145,227,263,342,389,335,233,198,85,0,0,0,0,3,11,32,27,0,0,0,0,0,0,46,0,0,0,0,0,0,0,0,0,0,0,0,0,0,0,1,0,0,0,2,6,27,27,45,56,60,53,130,133,66,52,104,134,148,147,98,75,86,108,129,144,145,126,136,145,160,163,129,110,96,77,96,168,196,137,96,59,44,10,2,5,9,11,67,78,71,109,143,141,141,162,146,117,73,104,93,69,35,51,28,46,60,66,49,11,0,0,0,0,0,0,0,0,3,2,6,16,0,4,0,Caress
0,57,41,7,36,58,131,192,207,197,185,194,208,218,135,24,0,73,153,217,253,260,250,227,238,277,300,296,321,232,186,181,137,124,103,114,135,189,217,240,246,231,236,317,356,355,290,179,75,157,208,171,116,33,16,35,58,84,74,79,0,0,0,9,12,0,69,196,285,285,256,228,150,100,145,227,263,342,389,335,233,198,85,0,0,0,0,3,11,32,27,0,0,0,0,0,0,46,80,87,0,0,0,0,0,0,0,0,0,0,0,0,0,1,0,0,0,2,6,27,27,45,56,60,53,130,133,66,52,104,134,148,147,98,75,86,108,129,144,145,126,136,145,160,163,129,110,96,77,96,168,196,137,96,59,44,10,2,5,9,11,67,78,71,109,143,141,141,162,146,117,73,104,93,69,35,51,28,46,60,66,49,11,0,0,0,0,0,0,0,0,3,2,6,16,0,4,0,0,0,Caress
0,73,153,217,253,260,250,227,238,277,300,296,321,232,186,181,137,124,103,114,135,189,217,240,246,231,236,317,356,355,290,179,75,157,208,171,116,33,16,35,58,84,74,79,0,0,0,9,12,0,69,196,285,285,256,228,150,100,145,227,263,342,389,335,233,198,85,0,0,0,0,3,11,32,27,0,0,0,0,0,0,46,80,87,120,140,113,0,0,0,0,0,0,106,111,89,23,0,17,0,0,2,6,27,27,45,56,60,53,130,133,66,52,104,134,148,147,98,75,86,108,129,144,145,126,136,145,160,163,129,110,96,77,96,168,196,137,96,59,44,10,2,5,9,11,67,78,71,109,143,141,141,162,146,117,73,104,93,69,35,51,28,46,60,66,49,11,0,0,0,0,0,0,0,0,3,2,6,16,0,4,0,0,0,0,3,12,8,0,0,0,0,0,0,0,0,0,0,0,0,Caress
0,3,11,32,27,0,0,0,0,0,0,46,80,87,120,140,113,0,0,0,0,0,0,106,111,89,23,0,17,0,36,88,142,213,205,172,174,210,210,189,189,194,168,291,309,295,427,387,359,302,267,230,237,229,237,234,237,211,225,185,138,0,0,0,0,0,0,0,0,0,0,0,0,0,0,0,0,0,0,0,0,0,0,0,0,0,0,0,0,0,0,0,0,0,0,0,0,0,0,0,0,0,0,0,0,3,2,6,16,0,4,0,0,0,0,3,12,8,0,0,0,0,0,0,0,0,0,0,0,0,0,0,0,0,0,0,0,0,22,27,6,32,37,40,47,82,89,132,93,107,83,64,55,40,27,127,157,144,98,67,55,28,12,0,0,0,0,0,0,0,0,0,0,0,0,0,0,0,0,0,0,0,0,0,0,0,0,0,0,0,0,0,0,0,0,0,0,0,0,0,Caress
0,0,46,80,87,120,140,113,0,0,0,0,0,0,106,111,89,23,0,17,0,36,88,142,213,205,172,174,210,210,189,189,194,168,291,309,295,427,387,359,302,267,230,237,229,237,234,237,211,225,185,138,0,0,0,0,0,0,0,0,0,0,0,0,0,0,0,0,0,0,0,0,0,0,0,0,0,0,0,0,0,0,0,0,0,0,0,0,0,0,0,0,0,0,0,0,0,0,0,0,0,4,0,0,0,0,3,12,8,0,0,0,0,0,0,0,0,0,0,0,0,0,0,0,0,0,0,0,0,22,27,6,32,37,40,47,82,89,132,93,107,83,64,55,40,27,127,157,144,98,67,55,28,12,0,0,0,0,0,0,0,0,0,0,0,0,0,0,0,0,0,0,0,0,0,0,0,0,0,0,0,0,0,0,0,0,0,0,0,0,0,0,0,0,0,0,0,0,0,0,Caress
0,106,111,89,23,0,17,0,36,88,142,213,205,172,174,210,210,189,189,194,168,291,309,295,427,387,359,302,267,230,237,229,237,234,237,211,225,185,138,0,0,0,0,0,0,0,0,0,0,0,0,0,0,0,0,0,0,0,0,0,0,0,0,0,0,0,0,0,0,0,0,0,0,0,0,0,0,0,0,0,0,0,0,0,0,0,0,0,0,0,0,0,0,0,0,0,0,0,0,0,0,0,0,0,0,0,0,0,0,0,0,0,0,0,0,0,22,27,6,32,37,40,47,82,89,132,93,107,83,64,55,40,27,127,157,144,98,67,55,28,12,0,0,0,0,0,0,0,0,0,0,0,0,0,0,0,0,0,0,0,0,0,0,0,0,0,0,0,0,0,0,0,0,0,0,0,0,0,0,0,0,0,0,0,0,0,0,0,0,0,0,0,0,0,0,0,0,0,0,0,Caress
0,17,0,36,88,142,213,205,172,174,210,210,189,189,194,168,291,309,295,427,387,359,302,267,230,237,229,237,234,237,211,225,185,138,0,0,0,0,0,0,0,0,0,0,0,0,0,0,0,0,0,0,0,0,0,0,0,0,0,0,0,0,0,0,0,0,0,0,0,0,0,0,0,0,0,0,0,0,0,0,0,0,0,0,0,0,0,0,0,0,0,0,0,0,0,0,0,0,0,0,0,0,0,0,0,0,0,0,0,0,0,22,27,6,32,37,40,47,82,89,132,93,107,83,64,55,40,27,127,157,144,98,67,55,28,12,0,0,0,0,0,0,0,0,0,0,0,0,0,0,0,0,0,0,0,0,0,0,0,0,0,0,0,0,0,0,0,0,0,0,0,0,0,0,0,0,0,0,0,0,0,0,0,0,0,0,0,0,0,0,0,0,0,0,0,0,0,0,0,0,Caress
0,36,88,142,213,205,172,174,210,210,189,189,194,168,291,309,295,427,387,359,302,267,230,237,229,237,234,237,211,225,185,138,0,0,0,0,0,0,0,0,0,0,0,0,0,0,0,0,0,0,0,0,0,0,0,0,0,0,0,0,0,0,0,0,0,0,0,0,0,0,0,0,0,0,0,0,0,0,0,0,0,0,0,0,0,0,0,0,0,0,0,0,0,0,0,0,0,0,0,0,0,0,0,0,0,0,0,0,0,22,27,6,32,37,40,47,82,89,132,93,107,83,64,55,40,27,127,157,144,98,67,55,28,12,0,0,0,0,0,0,0,0,0,0,0,0,0,0,0,0,0,0,0,0,0,0,0,0,0,0,0,0,0,0,0,0,0,0,0,0,0,0,0,0,0,0,0,0,0,0,0,0,0,0,0,0,0,0,0,0,0,0,0,0,0,0,0,0,0,0,Caress
0,5,13,54,61,55,101,115,86,86,108,161,193,168,126,111,152,156,166,151,139,121,223,203,384,341,340,238,184,183,244,250,290,307,275,205,191,250,239,229,256,316,352,332,254,110,0,0,0,0,0,0,0,0,0,0,13,16,0,0,0,0,0,0,27,146,188,248,127,92,176,303,342,402,396,306,249,280,333,201,205,101,59,2,112,156,150,145,123,108,126,109,185,220,237,255,228,267,171,183,0,0,0,0,0,0,0,0,0,0,0,0,0,0,0,0,0,0,0,0,1,21,46,83,205,254,206,125,63,172,268,273,303,269,242,256,263,276,263,235,165,232,198,131,114,119,111,92,42,1,3,20,24,0,0,0,0,0,0,0,0,0,13,20,0,36,38,75,25,7,0,0,0,87,146,212,147,68,74,57,39,11,43,61,55,61,52,44,40,28,0,0,0,25,55,48,10,0,0,0,Caress
0,13,16,0,0,0,0,0,0,27,146,188,248,127,92,176,303,342,402,396,306,249,280,333,201,205,101,59,2,112,156,150,145,123,108,126,109,185,220,237,255,228,267,171,183,248,186,113,74,29,5,0,0,0,0,0,0,0,0,0,0,0,0,0,0,0,0,0,0,0,0,0,0,0,0,0,0,0,0,0,0,0,0,0,0,0,0,0,0,0,0,0,0,0,0,0,0,0,0,0,0,0,0,0,0,0,0,13,20,0,36,38,75,25,7,0,0,0,87,146,212,147,68,74,57,39,11,43,61,55,61,52,44,40,28,0,0,0,25,55,48,10,0,0,0,0,0,0,0,0,0,0,0,0,0,0,0,0,0,0,0,0,0,0,0,0,0,0,0,0,0,0,0,0,0,0,0,0,0,0,0,0,0,0,0,0,0,0,0,0,0,0,0,0,0,0,0,0,0,0,Caress
0,0,0,27,146,188,248,127,92,176,303,342,402,396,306,249,280,333,201,205,101,59,2,112,156,150,145,123,108,126,109,185,220,237,255,228,267,171,183,248,186,113,74,29,5,0,0,0,0,0,0,0,0,0,0,0,0,0,0,0,0,0,0,0,0,0,0,0,0,0,0,0,0,0,0,0,0,0,0,0,0,0,0,0,0,0,0,0,0,0,0,0,0,0,0,0,0,0,0,0,0,13,20,0,36,38,75,25,7,0,0,0,87,146,212,147,68,74,57,39,11,43,61,55,61,52,44,40,28,0,0,0,25,55,48,10,0,0,0,0,0,0,0,0,0,0,0,0,0,0,0,0,0,0,0,0,0,0,0,0,0,0,0,0,0,0,0,0,0,0,0,0,0,0,0,0,0,0,0,0,0,0,0,0,0,0,0,0,0,0,0,0,0,0,0,0,0,0,0,0,Caress
0,107,99,107,108,114,126,101,62,63,107,77,91,147,224,282,289,317,233,201,212,193,206,185,208,144,148,159,198,256,291,243,173,190,230,280,265,270,282,269,248,210,147,87,67,31,28,43,62,58,26,0,0,0,0,0,0,25,55,17,9,56,96,152,193,211,187,156,36,12,98,151,209,160,114,105,116,123,122,136,106,130,61,77,135,188,212,251,266,242,235,287,319,315,301,214,114,67,70,126,0,17,0,8,30,32,23,5,0,0,6,35,54,74,74,83,74,56,12,70,109,135,104,118,109,76,87,87,138,153,145,91,92,86,88,93,86,92,69,39,40,37,60,49,94,31,0,4,0,62,175,233,158,155,150,112,187,253,206,106,118,88,80,84,95,134,138,100,68,52,77,70,86,85,74,55,54,61,63,56,60,63,25,0,0,0,4,13,38,56,0,0,0,0,0,0,0,0,0,0,Caress
0,272,385,379,375,349,362,407,375,358,343,333,291,275,268,323,397,436,439,429,426,447,470,484,532,533,552,551,539,531,518,547,574,581,603,587,571,555,524,531,519,487,456,449,412,429,424,400,326,233,231,159,56,0,0,0,0,0,0,0,0,0,0,0,0,0,0,0,0,0,0,0,0,0,0,0,0,0,0,0,0,0,0,0,0,0,0,0,0,0,0,0,0,0,0,0,0,0,0,0,0,0,0,83,155,195,167,256,262,334,367,358,315,312,412,462,397,365,355,367,363,335,273,116,41,47,49,37,47,39,30,0,0,24,24,30,28,32,28,23,6,11,12,0,0,0,0,0,0,0,0,0,0,0,0,0,0,0,0,0,0,0,0,0,0,0,0,0,0,0,0,0,0,0,0,0,0,0,0,0,0,0,0,0,0,0,0,0,0,0,0,0,0,0,0,0,0,0,0,0,Caress
0,196,307,382,376,393,406,428,437,406,439,473,466,403,377,456,465,471,471,307,344,254,252,179,210,250,231,176,124,108,31,0,0,0,19,33,20,0,0,0,0,0,0,0,0,0,0,0,0,0,0,0,0,0,0,0,0,0,0,0,0,0,0,0,0,0,0,0,0,0,0,0,0,0,0,0,0,0,0,0,0,0,85,47,2,86,53,182,231,251,273,192,54,0,0,0,0,0,0,0,0,0,0,0,0,0,17,29,35,38,39,43,44,41,0,0,0,38,111,140,143,201,191,161,151,181,225,259,281,284,316,289,245,202,184,143,166,191,189,175,210,237,245,248,275,260,268,296,365,421,423,433,425,413,307,278,266,264,331,329,352,375,384,410,431,486,533,521,538,551,548,529,550,542,536,508,432,369,300,342,310,275,243,220,209,320,335,259,337,348,268,141,80,45,0,0,0,0,0,0,Caress
0,190,268,236,221,197,214,268,334,354,312,337,431,504,521,535,554,532,453,477,458,414,362,396,421,381,388,384,359,332,316,295,250,188,172,171,176,157,138,99,98,70,34,0,0,0,0,0,0,0,0,0,0,0,0,0,0,0,0,0,0,0,0,0,0,0,0,0,0,0,0,0,0,0,0,0,0,0,0,0,0,0,0,0,0,29,74,147,242,308,346,317,368,426,400,312,288,190,264,343,0,8,17,22,29,19,7,7,6,5,7,6,8,0,0,0,0,0,46,69,90,58,4,15,46,51,61,98,218,337,410,395,353,389,398,427,412,410,442,444,420,391,415,427,397,371,310,299,322,342,287,266,312,347,379,364,317,260,268,304,351,371,399,406,381,380,414,424,394,503,547,590,574,556,542,528,573,634,652,652,612,567,499,478,461,446,491,509,472,412,474,453,404,366,259,329,353,375,314,252,Caress
0,121,99,96,327,392,392,351,395,388,360,352,395,362,256,205,309,336,307,366,437,439,443,472,441,415,366,236,124,97,51,36,0,0,0,0,0,0,0,0,0,0,0,0,0,0,0,0,0,0,0,0,0,0,0,0,0,0,0,0,0,0,0,0,0,0,0,0,0,0,0,0,0,0,0,0,0,0,0,0,0,0,0,0,0,0,0,0,0,0,0,0,0,0,0,0,0,0,0,0,0,0,0,0,0,0,0,0,12,15,27,153,222,242,265,251,274,240,236,263,347,474,510,526,518,456,404,449,429,368,359,372,387,447,491,477,404,403,385,294,175,146,0,0,0,0,0,0,0,0,0,0,0,0,0,0,0,0,0,0,0,0,0,0,0,0,0,0,0,0,0,0,0,0,0,0,0,0,0,0,0,0,0,0,0,0,0,0,0,0,0,0,0,0,0,0,0,0,0,0,Caress
0,51,19,20,0,0,1,1,113,189,250,262,233,263,298,288,217,149,57,60,96,115,296,333,293,159,129,266,273,275,186,81,20,42,14,6,3,0,0,0,0,0,0,0,0,0,0,0,0,0,0,0,0,0,0,0,0,0,0,0,0,0,0,0,0,0,0,0,0,0,0,0,0,0,0,0,0,0,0,0,0,0,0,6,58,194,203,194,185,202,226,162,120,181,181,107,241,348,354,304,0,0,0,0,0,0,0,0,0,0,0,0,20,35,40,44,55,60,94,147,86,57,36,64,270,399,440,475,431,427,468,459,423,351,360,344,350,414,419,418,329,325,355,336,275,245,263,247,207,132,98,100,108,125,157,207,255,265,273,262,222,194,179,202,250,320,344,361,354,348,332,296,321,391,393,405,314,324,275,138,242,278,285,357,387,402,399,448,428,407,379,326,269,298,311,305,257,206,177,177,Caress
0,1,1,113,189,250,262,233,263,298,288,217,149,57,60,96,115,296,333,293,159,129,266,273,275,186,81,20,42,14,6,3,0,0,0,0,0,0,0,0,0,0,0,0,0,0,0,0,0,0,0,0,0,0,0,0,0,0,0,0,0,0,0,0,0,0,0,0,0,0,0,0,0,0,0,0,0,0,6,58,194,203,194,185,202,226,162,120,181,181,107,241,348,354,304,309,299,316,254,181,0,0,0,0,0,0,0,20,35,40,44,55,60,94,147,86,57,36,64,270,399,440,475,431,427,468,459,423,351,360,344,350,414,419,418,329,325,355,336,275,245,263,247,207,132,98,100,108,125,157,207,255,265,273,262,222,194,179,202,250,320,344,361,354,348,332,296,321,391,393,405,314,324,275,138,242,278,285,357,387,402,399,448,428,407,379,326,269,298,311,305,257,206,177,177,173,175,170,120,108,Caress
0,0,0,0,0,0,0,0,0,0,0,0,0,0,0,0,0,92,214,318,338,390,395,404,460,493,489,479,459,443,446,464,447,395,396,421,411,442,450,438,369,397,396,351,345,352,313,251,205,186,155,147,143,48,53,66,0,0,0,0,0,0,0,0,0,0,0,0,0,0,0,0,0,0,0,0,0,0,0,0,0,0,0,0,0,0,0,0,0,0,0,0,0,0,0,0,0,0,0,0,0,475,440,452,515,486,409,311,351,351,354,341,318,400,499,486,514,550,510,485,478,480,447,410,422,368,199,103,74,76,62,95,84,101,86,98,81,65,70,73,90,98,97,97,97,87,87,91,9,0,0,0,0,0,0,0,0,0,0,0,0,0,0,0,0,0,0,0,0,0,0,0,0,0,0,0,0,0,0,0,0,0,0,0,0,0,0,0,0,0,0,0,0,0,0,0,0,0,0,0,Caress
0,60,304,280,349,323,373,406,414,439,410,348,371,347,342,303,299,280,304,272,211,237,276,343,411,412,390,429,478,385,322,302,327,370,341,258,189,0,0,0,0,0,0,0,0,0,0,0,0,0,0,0,0,0,0,0,0,0,0,0,0,0,0,0,0,0,0,0,0,0,0,0,0,0,0,0,0,0,0,0,0,0,0,0,0,0,0,0,0,0,0,0,0,0,0,0,0,0,0,0,0,0,0,0,0,0,0,0,0,0,0,0,0,0,0,0,0,0,0,0,0,0,14,0,34,64,70,3,2,21,140,258,264,240,330,419,407,354,287,273,229,176,258,390,417,446,447,425,448,418,368,273,198,202,1,16,0,0,0,0,0,0,0,0,0,0,0,0,0,0,0,0,0,0,0,0,0,0,0,0,0,0,0,0,0,0,0,0,0,0,0,0,0,0,0,0,0,0,0,0,Caress
0,80,110,73,64,124,151,86,73,69,48,103,72,142,247,290,289,286,487,511,482,527,535,528,415,208,41,0,0,0,0,0,0,0,0,0,0,0,0,0,0,0,0,0,0,0,0,0,0,0,0,0,0,0,0,0,0,0,0,0,0,0,0,0,0,0,0,0,0,0,0,0,0,0,0,0,0,0,0,0,0,0,0,0,0,0,0,0,0,0,0,0,0,0,0,0,0,0,0,0,0,0,0,0,0,0,0,0,0,0,0,0,0,58,92,99,99,83,78,79,49,106,120,131,96,151,107,87,80,90,99,179,432,534,565,556,572,531,480,522,455,369,269,231,148,82,18,0,0,0,0,0,0,0,0,0,0,0,0,0,0,0,0,0,0,0,0,0,0,0,0,0,0,0,0,0,0,0,0,0,0,0,0,0,0,0,0,0,0,0,0,0,0,0,0,0,0,0,0,0,Caress
0,0,146,145,151,127,121,143,211,254,277,329,354,408,428,417,416,411,427,417,419,393,360,324,335,341,330,370,370,369,335,327,359,402,421,448,412,393,381,365,326,107,0,0,0,0,0,0,0,0,0,0,0,0,0,0,0,0,0,0,0,0,0,0,0,0,0,0,0,0,0,0,0,0,0,0,0,0,0,0,0,0,0,0,0,0,0,0,0,0,0,0,0,0,0,0,0,0,0,0,0,146,274,218,213,239,235,242,260,274,295,258,285,267,192,128,158,142,67,59,55,56,53,51,44,45,47,54,4,0,0,0,0,0,0,0,0,0,0,0,0,0,0,0,0,0,0,0,0,0,0,0,0,0,0,0,0,0,0,0,0,0,0,0,0,0,0,0,0,0,0,0,0,0,0,0,0,0,0,0,0,0,0,0,0,0,0,0,0,0,0,0,0,0,0,0,2,72,180,187,Caress
0,0,0,0,0,0,18,34,104,195,211,192,183,159,154,116,93,140,199,330,376,433,469,436,432,375,381,362,243,190,154,74,82,124,189,214,253,295,341,331,337,256,192,152,35,0,0,0,0,0,0,0,0,0,0,0,0,0,0,0,0,0,0,0,0,0,0,0,0,0,0,0,0,0,0,0,0,0,0,0,0,0,0,0,0,0,0,0,0,0,0,0,0,0,0,0,0,0,0,0,0,2,72,180,187,242,263,288,289,348,387,404,406,349,344,256,288,257,288,354,308,250,246,203,122,119,116,77,47,34,27,19,0,0,0,0,0,0,0,0,0,0,0,0,0,0,0,0,0,0,0,0,0,0,0,0,0,0,0,0,0,0,0,0,0,0,0,0,0,0,0,0,0,0,0,0,0,0,0,0,0,0,0,0,0,0,0,0,0,0,0,0,0,0,0,0,0,0,0,0,Caress
0,0,0,0,0,0,0,0,0,36,18,10,16,31,21,0,0,0,112,104,90,123,144,278,331,454,484,511,532,541,571,544,541,528,513,524,486,451,415,436,439,432,450,445,463,447,412,398,370,340,254,233,195,107,57,0,0,0,0,0,0,0,0,0,0,0,0,0,0,0,0,0,0,0,0,0,0,0,0,0,0,0,0,0,0,0,0,0,0,0,0,0,0,0,0,0,0,0,0,0,0,270,363,391,378,346,345,423,444,381,364,351,394,369,298,316,254,173,117,178,165,118,126,56,48,0,1,4,4,8,19,64,69,72,73,76,84,72,35,44,0,0,0,0,0,0,0,0,0,0,0,0,0,0,0,0,0,0,0,0,0,0,0,0,0,0,0,0,0,0,0,0,0,0,0,0,0,0,0,0,0,0,0,0,0,0,0,0,0,0,0,0,0,0,0,0,0,0,0,0,Caress
0,91,216,351,422,459,417,339,278,253,271,344,335,351,370,317,248,178,210,252,161,123,93,121,176,240,350,320,308,247,172,128,150,150,26,28,29,16,0,0,0,0,0,0,0,0,0,0,0,0,0,0,0,0,0,0,0,0,0,0,0,0,0,0,0,0,0,0,0,0,0,0,0,0,0,0,0,0,0,40,192,245,248,304,324,296,225,255,258,292,301,321,318,304,344,385,409,357,317,302,0,0,0,0,0,0,0,0,0,0,0,0,0,0,0,0,0,0,0,0,0,0,26,0,27,21,34,59,92,176,254,264,318,382,426,458,462,395,383,367,354,333,348,415,441,481,499,488,494,528,524,504,469,450,386,368,365,363,368,371,356,343,308,249,229,210,237,214,214,179,146,152,211,180,111,80,58,98,173,208,256,360,347,310,245,266,343,380,335,341,309,339,305,259,244,154,145,144,156,145,Caress
0,190,188,142,89,138,226,322,390,410,429,475,440,372,399,441,440,418,489,483,480,487,418,350,148,43,4,13,16,18,33,0,0,0,0,0,0,0,0,0,0,0,0,0,0,0,0,0,0,0,0,0,0,0,0,0,0,0,0,0,0,0,0,0,0,0,0,0,0,0,0,0,0,0,0,0,0,0,0,0,0,0,0,0,0,0,0,0,0,0,0,0,0,0,0,0,0,0,99,234,0,0,0,0,0,0,0,0,0,0,0,0,0,0,0,0,0,0,0,41,235,277,234,323,360,309,286,266,319,400,505,503,471,467,415,378,271,191,11,0,0,0,0,0,0,0,0,0,0,0,0,0,0,0,0,0,0,0,0,0,0,0,0,0,0,0,0,0,0,0,0,0,0,0,0,0,0,0,0,0,0,0,0,0,0,0,0,0,0,0,0,0,0,0,0,0,0,0,0,0,Caress
0,99,234,336,400,394,374,417,448,438,444,422,459,465,454,448,448,475,408,302,277,279,291,384,420,420,395,392,424,399,270,108,65,44,37,0,0,0,0,0,0,0,0,0,0,0,0,0,0,0,0,0,0,0,0,0,0,0,0,0,0,0,0,0,0,0,0,0,0,0,0,0,0,0,0,0,0,0,0,0,0,0,0,0,0,0,0,0,0,0,0,0,0,0,0,0,0,0,0,0,0,0,0,0,0,0,0,0,0,0,0,0,0,0,0,0,0,0,0,0,20,64,25,21,23,295,454,504,469,431,459,515,507,428,420,414,436,550,584,561,538,523,548,504,444,391,384,313,252,225,200,0,0,0,0,0,0,0,0,0,0,0,0,0,0,0,0,0,0,0,0,0,0,0,0,0,0,0,0,0,0,0,0,0,0,0,0,0,0,0,0,0,0,0,0,0,0,0,0,0,Caress
0,186,303,352,403,411,393,373,450,494,500,487,463,488,510,535,513,521,505,481,427,429,422,377,438,413,381,400,379,400,268,77,30,32,35,37,33,31,16,0,0,0,0,0,0,0,0,0,0,0,0,0,0,0,0,0,0,0,0,0,0,0,0,0,0,0,0,0,0,0,0,0,0,0,0,0,0,0,0,0,0,0,0,0,0,0,0,0,0,0,0,0,0,0,0,0,0,0,0,0,0,0,0,0,0,0,0,0,0,0,0,0,0,0,0,0,0,0,0,0,0,124,104,77,51,71,158,285,382,351,374,438,425,383,412,435,488,553,577,524,536,550,543,538,498,471,467,471,463,478,442,357,179,68,0,0,0,0,0,0,0,0,0,0,0,0,0,0,0,0,0,0,0,0,0,0,0,0,0,0,0,0,0,0,0,0,0,0,0,0,0,0,0,0,0,0,0,0,0,0,Caress
0,100,259,326,371,402,392,302,183,146,198,258,317,306,269,354,384,347,326,357,399,407,413,470,518,474,498,571,599,541,500,520,556,536,403,205,3,5,0,0,0,0,0,0,0,0,0,0,0,0,0,0,0,0,0,0,0,0,0,0,0,0,0,0,0,0,0,0,0,0,0,0,0,0,0,0,0,0,0,0,0,0,0,0,0,0,0,0,0,0,0,0,0,0,0,0,0,0,0,0,0,0,0,0,0,0,0,0,0,0,0,0,0,54,66,64,62,46,0,0,35,91,94,121,162,165,129,166,256,384,455,472,458,438,413,461,502,448,404,404,368,401,478,520,573,584,593,562,560,592,583,554,524,482,471,400,288,216,184,36,0,0,0,0,0,0,0,0,0,0,0,0,0,0,0,0,0,0,0,0,0,0,0,0,0,0,0,0,0,0,0,0,0,0,0,0,0,0,0,0,Caress
0,0,0,0,0,0,0,0,0,0,0,0,0,0,0,0,0,0,0,0,0,0,0,0,0,0,0,0,0,0,0,0,1,158,210,221,217,208,210,297,273,309,360,437,465,470,444,397,347,310,276,316,265,138,0,0,0,0,0,0,0,0,0,0,0,0,0,0,0,0,0,0,0,0,0,0,0,0,0,0,0,0,0,0,0,0,0,0,0,0,0,0,0,0,0,0,0,0,0,0,0,38,158,199,164,69,48,127,144,208,178,196,203,225,224,164,159,126,179,156,117,78,77,81,102,113,130,135,130,127,120,119,121,120,123,86,12,6,41,54,60,58,59,54,47,45,35,35,34,38,12,7,0,0,0,0,0,0,0,0,0,0,0,0,0,0,0,0,0,0,0,0,0,0,0,0,0,0,0,0,0,0,0,0,0,0,0,0,0,0,0,0,0,0,0,0,0,0,0,0,Caress
0,0,0,0,0,0,0,0,0,0,0,0,0,0,0,0,0,30,37,32,23,6,0,44,119,208,305,339,332,325,363,404,415,424,435,448,480,501,469,437,394,362,355,387,399,274,234,302,277,242,153,131,75,46,7,0,0,0,0,0,0,0,0,0,0,0,0,0,0,0,0,0,0,0,0,0,0,0,0,0,0,0,0,0,0,0,0,0,0,0,0,0,0,0,0,0,0,0,0,0,0,132,156,352,373,379,352,329,294,293,290,263,287,276,288,277,233,195,147,94,91,97,102,96,99,94,1,0,2,20,0,0,0,0,26,36,41,41,15,16,13,4,7,6,1,0,0,0,0,0,0,0,0,0,0,0,0,0,0,0,0,0,0,0,0,0,0,0,0,0,0,0,0,0,0,0,0,0,0,0,0,0,0,0,0,0,0,0,0,0,0,0,0,0,0,0,0,0,0,0,Caress
0,0,0,0,0,0,0,0,0,0,0,0,0,0,0,0,0,0,0,0,0,0,0,0,0,0,0,23,30,49,48,0,0,0,0,0,0,0,0,0,0,0,168,265,374,391,346,286,265,236,281,299,306,307,196,71,112,123,0,0,0,0,0,0,0,0,0,0,0,0,0,0,0,0,0,0,0,0,0,0,0,0,0,0,0,0,0,0,0,0,0,0,0,0,0,0,0,0,0,0,0,18,60,80,67,76,78,78,71,0,0,0,0,0,9,30,52,52,104,155,148,116,106,113,122,106,123,132,121,108,100,106,110,119,105,85,85,82,0,0,33,31,11,11,12,22,30,37,36,28,0,0,0,0,0,0,0,0,0,0,0,0,0,0,0,0,0,0,0,0,0,0,0,0,0,0,0,0,0,0,0,0,0,0,0,0,0,0,0,0,0,0,0,0,0,0,0,0,0,0,Caress
0,0,0,0,0,0,0,0,0,0,0,0,0,0,23,30,49,48,0,0,0,0,0,0,0,0,0,0,0,168,265,374,391,346,286,265,236,281,299,306,307,196,71,112,123,0,0,0,0,0,0,0,0,0,0,0,0,0,0,0,0,0,0,0,0,0,0,0,0,0,0,0,0,0,0,0,0,0,0,0,0,0,0,0,0,0,0,0,0,0,0,0,0,0,0,0,0,0,0,0,0,9,30,52,52,104,155,148,116,106,113,122,106,123,132,121,108,100,106,110,119,105,85,85,82,0,0,33,31,11,11,12,22,30,37,36,28,0,0,0,0,0,0,0,0,0,0,0,0,0,0,0,0,0,0,0,0,0,0,0,0,0,0,0,0,0,0,0,0,0,0,0,0,0,0,0,0,0,0,0,0,0,0,0,0,0,0,0,0,0,36,105,136,118,71,61,51,49,95,127,Caress
0,0,0,168,265,374,391,346,286,265,236,281,299,306,307,196,71,112,123,0,0,0,0,0,0,0,0,0,0,0,0,0,0,0,0,0,0,0,0,0,0,0,0,0,0,0,0,0,0,0,0,0,0,0,0,0,0,0,0,0,0,0,0,0,0,0,0,0,0,0,0,0,0,0,0,0,0,0,0,0,0,0,0,0,0,0,0,0,0,0,0,0,0,20,51,56,47,17,13,62,0,33,31,11,11,12,22,30,37,36,28,0,0,0,0,0,0,0,0,0,0,0,0,0,0,0,0,0,0,0,0,0,0,0,0,0,0,0,0,0,0,0,0,0,0,0,0,0,0,0,0,0,0,0,0,0,0,0,0,0,0,0,0,0,36,105,136,118,71,61,51,49,95,127,197,224,201,190,227,217,183,125,79,33,95,105,124,129,127,129,130,115,119,122,111,117,56,37,0,41,Caress
0,0,0,0,0,0,0,0,0,0,0,0,0,0,0,0,0,0,0,0,0,0,0,0,0,0,0,0,0,0,20,51,56,47,17,13,62,115,120,89,56,51,126,212,258,252,255,263,208,160,93,44,0,0,0,0,0,0,0,0,0,0,0,0,0,0,0,0,0,0,0,0,0,0,0,0,0,0,0,0,0,0,0,0,0,0,0,0,0,0,0,0,0,0,0,0,0,0,0,0,0,36,105,136,118,71,61,51,49,95,127,197,224,201,190,227,217,183,125,79,33,95,105,124,129,127,129,130,115,119,122,111,117,56,37,0,41,48,44,30,31,33,34,34,31,34,36,50,46,45,23,0,0,0,0,0,0,0,0,0,0,0,0,0,0,0,0,0,0,0,0,0,0,0,0,0,0,0,0,0,0,0,0,0,0,0,0,0,0,0,0,0,0,0,0,0,0,0,0,0,Caress
0,0,0,0,0,0,0,0,0,0,0,0,0,0,0,0,0,0,0,0,0,0,0,0,6,12,26,34,54,65,35,31,82,122,201,239,221,147,125,115,142,163,152,156,203,289,319,351,339,324,346,338,301,292,330,276,228,137,96,76,19,0,0,0,0,0,0,0,0,0,0,0,0,0,0,0,0,0,0,0,0,0,0,0,0,0,0,0,0,0,0,0,0,0,0,0,0,0,0,0,0,76,174,245,281,280,277,264,241,227,221,250,295,309,321,301,275,224,215,208,201,194,190,193,193,197,183,147,135,95,117,122,110,103,92,83,81,53,0,0,0,30,39,49,57,61,61,58,53,36,22,14,22,3,0,0,0,0,0,0,0,0,0,0,0,0,0,0,0,0,0,0,0,0,0,0,0,0,0,0,0,0,0,0,0,0,0,0,0,0,0,0,0,0,0,0,0,0,0,0,Caress
0,0,0,0,0,0,0,0,0,0,0,0,0,0,0,0,0,0,0,0,0,0,0,0,0,19,21,15,5,0,0,0,0,0,0,0,0,0,0,1,0,0,0,6,74,208,290,337,343,318,293,280,243,283,223,214,224,202,158,108,34,0,0,0,0,0,0,0,0,0,0,0,0,0,0,0,0,0,0,0,0,0,0,0,0,0,0,0,0,0,0,0,0,0,0,0,0,0,0,0,0,97,158,172,182,201,185,228,241,244,244,268,250,236,248,257,252,247,207,201,184,218,242,216,189,173,181,176,173,144,137,138,152,112,108,102,91,85,91,11,5,25,28,48,53,56,28,16,28,42,41,37,21,0,0,0,0,0,0,0,0,0,0,0,0,0,0,0,0,0,0,0,0,0,0,0,0,0,0,0,0,0,0,0,0,0,0,0,0,0,0,0,0,0,0,0,0,0,0,0,Caress
0,0,0,0,0,0,0,0,0,0,0,251,307,283,256,145,172,191,222,253,226,192,163,204,301,380,446,463,488,438,420,446,468,507,500,509,496,490,464,457,442,430,442,494,535,552,562,535,500,476,465,457,427,361,211,146,0,0,0,0,0,0,0,0,0,0,0,0,0,0,0,0,0,0,0,0,0,0,0,0,0,0,0,0,0,0,0,0,0,0,0,0,0,0,0,0,0,0,0,0,0,10,130,435,234,64,31,75,212,325,377,462,543,558,505,511,506,523,524,503,499,545,569,566,563,549,530,565,569,569,543,517,437,311,264,207,179,153,153,136,131,129,142,139,76,0,0,0,0,0,0,0,0,0,0,0,0,0,0,0,0,0,0,0,0,0,0,0,0,0,0,0,0,0,0,0,0,0,0,0,0,0,0,0,0,0,0,0,0,0,0,0,0,0,0,0,0,0,0,0,Caress
0,0,0,0,0,0,0,0,0,0,0,0,0,0,0,0,0,0,0,0,10,0,0,0,0,0,0,0,0,0,0,49,211,350,425,450,461,461,454,376,261,187,109,109,49,0,0,5,0,0,28,166,262,320,352,312,207,111,87,0,0,0,0,0,0,0,0,0,0,0,0,0,0,0,0,0,0,0,0,0,0,0,0,0,0,0,0,0,0,0,0,0,0,0,0,0,0,0,0,0,0,136,482,515,553,554,534,542,582,595,550,544,519,466,403,396,413,512,550,565,587,614,633,645,588,500,372,202,71,111,134,175,158,184,159,162,149,130,81,3,0,0,0,0,0,0,0,2,16,21,32,35,33,35,32,0,0,0,0,0,0,0,0,0,0,0,0,0,0,0,0,0,0,0,0,0,0,0,0,0,0,0,0,0,0,0,0,0,0,0,0,0,0,0,0,0,0,0,0,0,Caress
0,5,0,0,28,166,262,320,352,312,207,111,87,0,0,0,0,0,0,0,0,0,0,0,0,0,0,0,0,0,0,0,0,0,0,0,0,0,0,0,0,0,0,0,0,0,0,0,0,0,0,0,0,0,0,0,0,0,0,0,0,0,0,0,0,0,0,0,0,0,0,0,0,0,0,0,0,0,0,0,0,0,0,0,0,0,0,0,0,0,0,0,0,0,0,0,0,0,0,0,0,2,16,21,32,35,33,35,32,0,0,0,0,0,0,0,0,0,0,0,0,0,0,0,0,0,0,0,0,0,0,0,0,0,0,0,0,0,0,0,0,0,0,0,0,0,0,0,0,0,0,0,0,0,0,0,0,0,0,0,0,0,0,0,0,0,0,0,0,0,0,0,0,0,0,0,0,0,0,0,0,0,0,0,0,0,0,0,0,0,0,0,0,0,0,0,0,0,0,0,Caress
0,0,0,65,165,226,303,337,292,280,312,277,286,296,273,204,161,108,154,319,439,477,457,444,441,454,478,480,474,464,438,441,469,442,468,480,499,528,540,525,523,469,418,479,476,435,301,137,27,0,0,0,0,0,0,0,0,0,0,0,0,0,0,0,0,0,0,0,0,0,0,0,0,0,0,0,0,0,0,0,0,0,0,0,0,0,0,0,0,0,0,0,0,0,0,0,0,0,0,0,0,392,462,434,438,408,452,525,557,544,529,511,491,508,494,509,534,548,562,595,563,554,513,488,434,374,307,196,37,15,22,25,22,17,16,8,0,0,0,0,0,0,1,0,0,0,0,0,0,0,0,0,0,0,0,0,0,0,0,0,0,0,0,0,0,0,0,0,0,0,0,0,0,0,0,0,0,0,0,0,0,0,0,0,0,0,0,0,0,0,0,0,0,0,0,0,0,0,0,0,Caress
0,0,0,0,0,0,0,10,11,5,0,79,165,174,145,70,13,0,0,0,0,0,0,0,0,0,162,291,364,474,506,494,456,429,400,304,227,222,159,139,115,101,115,42,51,69,76,55,0,0,0,0,0,0,0,0,0,0,0,0,0,0,0,0,0,0,0,0,0,0,0,0,0,0,0,0,0,0,0,0,0,0,0,0,0,0,0,0,0,0,0,0,0,0,0,0,0,0,0,0,0,216,220,178,175,171,158,106,138,284,399,465,499,488,504,504,435,377,304,156,134,79,44,38,43,41,2,0,0,0,0,0,0,0,0,0,0,0,0,0,0,0,0,0,0,16,35,0,0,0,0,0,0,0,0,0,0,0,0,0,0,0,0,0,0,0,0,0,0,0,0,0,0,0,0,0,0,0,0,0,0,0,0,0,0,0,0,0,0,0,0,0,0,0,0,0,0,0,0,0,Caress
0,28,118,145,115,95,120,93,77,69,68,74,119,152,166,175,185,180,153,80,16,0,0,0,0,0,22,0,0,0,0,0,0,0,0,0,0,0,0,0,0,0,0,0,0,0,0,0,0,0,0,0,0,0,0,0,0,0,0,0,0,0,0,0,0,0,0,0,0,0,0,0,0,0,0,0,0,0,0,0,0,0,0,0,0,0,0,0,0,0,0,0,0,0,0,0,0,0,0,0,0,0,0,0,75,149,211,239,217,214,213,229,228,211,220,210,219,220,230,207,172,141,138,55,0,0,0,0,0,0,0,0,0,0,0,0,0,0,0,0,0,0,0,0,0,0,0,0,0,0,0,0,0,0,0,0,0,0,0,0,0,0,0,0,0,0,0,0,0,0,0,0,0,0,0,0,0,0,0,0,0,0,0,0,0,0,0,0,0,0,0,0,0,0,0,0,0,0,0,0,Caress
0,71,169,256,304,317,337,352,365,386,372,333,360,370,336,267,260,113,156,144,193,155,167,159,154,90,89,53,0,0,0,0,0,0,0,0,0,0,0,0,0,0,0,0,0,0,0,0,0,0,0,0,0,0,0,0,0,0,0,0,0,0,0,0,0,0,0,0,0,0,0,0,0,0,0,0,0,0,0,0,0,0,0,0,0,0,0,0,0,0,0,0,0,0,0,0,0,0,0,0,0,0,0,148,234,273,270,279,279,328,263,309,299,299,332,356,368,416,382,377,463,444,434,407,440,399,358,347,247,279,312,245,170,127,80,23,0,0,0,0,0,0,0,0,0,0,0,0,0,0,0,0,0,0,0,0,0,0,0,0,0,0,0,0,0,0,0,0,0,0,0,0,0,0,0,0,0,0,0,0,0,0,0,0,0,0,0,0,0,0,0,0,0,0,0,0,0,0,0,0,Caress
0,81,108,209,239,202,169,169,141,202,235,196,146,48,61,94,71,32,7,4,0,0,0,0,0,0,0,0,0,0,0,0,0,0,0,0,0,0,0,0,0,0,0,0,0,0,0,0,0,0,0,0,0,0,0,0,0,0,0,0,0,0,0,0,0,0,0,0,0,0,0,0,0,0,0,0,0,0,0,0,0,0,0,0,0,0,0,0,0,0,0,0,0,0,0,0,0,0,0,0,0,0,0,8,51,52,57,70,70,79,76,32,34,60,160,212,280,334,396,401,406,393,370,372,380,381,414,411,395,363,370,350,376,378,379,404,424,467,499,503,519,475,485,519,510,502,464,422,412,386,291,206,148,106,44,0,0,0,0,0,0,0,0,0,0,0,0,0,0,0,0,0,0,0,0,0,0,0,0,0,0,0,0,0,0,0,0,0,0,0,0,0,0,0,0,0,0,0,0,0,Caress
0,147,199,227,281,292,311,278,228,141,152,151,240,246,174,212,166,135,35,0,0,0,0,0,0,0,0,0,0,0,0,0,0,0,0,0,0,0,0,0,0,0,0,0,0,0,0,0,0,0,0,0,0,0,0,0,0,0,0,0,0,0,0,0,0,0,0,0,0,0,0,0,0,0,0,0,0,0,0,0,0,0,0,0,0,0,0,0,0,0,0,0,0,0,0,0,0,0,0,0,0,0,0,0,0,0,0,0,24,74,105,114,170,214,229,243,275,343,312,336,374,399,396,371,405,419,439,421,409,434,419,348,343,323,285,174,76,40,100,43,0,0,0,0,0,0,0,0,0,0,0,0,0,0,0,0,0,0,0,0,0,0,0,0,0,0,0,0,0,0,0,0,0,0,0,0,0,0,0,0,0,0,0,0,0,0,0,0,0,0,0,0,0,0,0,0,0,0,0,0,Caress
0,72,126,223,282,283,223,153,131,148,92,90,112,71,39,0,19,92,118,91,29,0,96,205,289,314,335,325,358,362,394,392,397,397,369,382,348,303,304,245,267,194,208,200,133,29,75,103,135,136,123,62,24,0,0,0,0,0,0,0,0,0,0,0,0,0,0,0,0,0,0,0,0,0,0,0,0,0,0,0,0,0,0,0,0,0,0,0,0,0,0,0,0,0,0,0,0,0,0,0,0,0,0,120,176,203,218,215,176,153,158,149,128,222,299,341,327,314,284,260,263,275,288,320,305,313,324,361,355,351,364,370,368,329,310,315,337,325,333,349,386,383,358,356,387,393,373,369,329,178,103,33,0,0,0,0,0,0,0,0,0,0,0,0,0,0,0,0,0,0,0,0,0,0,0,0,0,0,0,0,0,0,0,0,0,0,0,0,0,0,0,0,0,0,0,0,0,0,0,0,Caress
0,0,0,0,0,0,0,0,0,0,0,0,0,0,0,0,0,0,0,0,0,0,0,0,0,0,0,50,121,186,235,304,321,372,366,350,217,201,186,189,237,347,443,451,450,424,386,379,363,424,456,432,392,333,272,222,227,229,225,142,65,28,0,0,0,0,0,0,0,0,0,0,0,0,0,0,0,0,0,0,0,0,0,0,0,0,0,0,0,0,0,0,0,0,0,0,0,0,0,0,0,60,67,71,36,3,0,40,194,331,375,372,335,289,227,148,190,267,290,233,158,220,249,340,355,254,222,253,316,320,318,365,365,349,372,403,413,402,424,394,360,367,316,301,329,379,431,424,422,414,403,385,320,224,168,161,143,104,70,67,63,61,11,0,0,0,0,0,0,0,0,0,0,0,0,0,0,0,0,0,0,0,0,0,0,0,0,0,0,0,0,0,0,0,0,0,0,0,0,0,Caress
0,0,0,0,0,0,0,0,0,0,0,0,0,0,0,0,0,0,0,0,0,50,121,186,235,304,321,372,366,350,217,201,186,189,237,347,443,451,450,424,386,379,363,424,456,432,392,333,272,222,227,229,225,142,65,28,0,0,0,0,0,0,0,0,0,0,0,0,0,0,0,0,0,0,0,0,0,0,0,0,0,0,0,0,0,0,0,0,0,0,0,0,0,0,0,0,0,0,0,0,0,40,194,331,375,372,335,289,227,148,190,267,290,233,158,220,249,340,355,254,222,253,316,320,318,365,365,349,372,403,413,402,424,394,360,367,316,301,329,379,431,424,422,414,403,385,320,224,168,161,143,104,70,67,63,61,11,0,0,0,0,0,0,0,0,0,0,0,0,0,0,0,0,0,0,0,0,0,0,0,0,0,0,0,0,0,0,0,0,0,0,0,0,0,0,0,0,0,0,0,Caress
0,12,159,236,283,304,322,289,237,216,244,278,304,298,244,183,77,128,114,62,56,197,269,208,152,208,318,353,348,354,424,419,388,304,325,353,414,514,507,492,498,518,534,534,491,450,333,334,390,417,427,408,356,304,353,353,354,324,262,244,287,298,237,0,0,0,0,0,0,0,0,0,0,0,0,0,0,0,0,0,0,0,0,0,0,0,0,0,0,0,0,0,0,0,0,0,0,0,0,0,0,0,0,0,0,0,0,10,36,31,13,24,62,93,77,128,123,104,75,127,207,272,239,153,258,327,339,340,312,251,158,228,270,299,266,271,256,238,228,227,170,177,209,222,214,168,135,164,164,220,252,247,214,181,175,127,84,77,25,23,0,0,0,0,0,0,0,0,0,0,0,0,0,0,0,0,0,0,0,0,0,0,0,0,0,0,0,0,0,0,0,0,0,0,0,0,0,0,0,0,Caress
0,0,0,0,0,0,0,0,0,0,19,93,80,84,78,107,60,4,0,0,0,0,0,0,0,0,149,248,275,295,226,203,277,334,334,253,221,211,109,0,2,2,26,44,83,0,0,0,0,0,0,0,0,0,0,0,0,0,0,0,0,0,0,0,0,0,0,0,0,0,0,0,0,0,0,0,0,0,0,0,0,0,0,0,0,0,0,0,0,0,0,0,0,0,0,0,0,0,0,0,0,65,60,42,31,32,33,66,219,302,330,359,411,381,459,483,463,411,380,367,367,327,327,368,367,377,308,262,246,246,268,247,221,166,151,175,180,300,335,273,266,326,322,329,308,284,166,52,0,0,0,0,0,0,0,0,0,0,0,0,0,0,0,0,0,0,0,0,0,0,0,0,0,0,0,0,0,0,0,0,0,0,0,0,0,0,0,0,0,0,0,0,0,0,0,0,0,0,0,0,Caress
