0,0,0,0,0,0,0,0,0,0,0,0,0,0,0,0,0,0,0,0,266,419,434,498,590,632,640,605,626,688,715,750,766,766,768,767,765,767,763,733,720,699,601,487,299,0,0,0,0,0,0,0,0,0,0,0,0,0,0,0,0,0,0,0,0,0,0,0,0,0,0,0,0,0,0,0,0,0,0,0,0,0,0,0,0,0,0,0,0,0,0,0,0,0,0,0,0,0,0,0,0,60,119,140,198,287,303,299,249,212,159,124,116,167,316,433,546,616,662,697,703,709,707,727,769,800,812,825,843,862,877,885,890,891,897,906,912,911,907,890,842,743,584,347,198,0,0,0,0,0,0,0,0,0,0,0,0,0,0,0,0,0,0,0,0,0,0,0,0,0,0,0,0,0,0,0,0,0,0,0,0,0,0,0,0,0,0,0,0,0,0,0,0,0,0,0,0,0,0,0,ShakeGrip
0,0,0,0,0,0,0,0,0,0,0,0,0,0,0,0,202,255,287,291,297,321,362,400,492,566,589,613,633,639,644,644,647,648,644,641,634,609,596,589,591,583,556,525,516,479,430,315,0,0,0,0,0,0,0,0,0,0,0,0,0,0,0,0,0,0,0,0,0,0,0,0,0,0,0,0,0,0,0,0,0,0,0,0,0,0,0,0,0,0,0,0,0,0,0,0,0,0,0,0,0,11,20,6,26,0,0,0,0,0,0,0,0,0,43,257,309,361,396,402,432,478,535,577,611,638,641,633,627,583,555,535,509,501,494,488,469,449,441,431,417,397,371,357,293,265,192,0,0,0,0,0,0,0,0,0,0,0,0,0,0,0,0,0,0,0,0,0,0,0,0,0,0,0,0,0,0,0,0,0,0,0,0,0,0,0,0,0,0,0,0,0,0,0,0,0,0,0,0,0,ShakeGrip
0,0,0,202,255,287,291,297,321,362,400,492,566,589,613,633,639,644,644,647,648,644,641,634,609,596,589,591,583,556,525,516,479,430,315,0,0,0,0,0,0,0,0,0,0,0,0,0,0,0,0,0,0,0,0,0,0,0,0,0,0,0,0,0,0,0,0,0,0,0,0,0,0,0,0,0,0,0,0,0,0,0,0,0,0,0,0,0,0,0,0,0,0,0,0,0,0,0,0,0,0,43,257,309,361,396,402,432,478,535,577,611,638,641,633,627,583,555,535,509,501,494,488,469,449,441,431,417,397,371,357,293,265,192,0,0,0,0,0,0,0,0,0,0,0,0,0,0,0,0,0,0,0,0,0,0,0,0,0,0,0,0,0,0,0,0,0,0,0,0,0,0,0,0,0,0,0,0,0,0,0,0,0,0,0,0,0,0,0,0,0,0,0,0,0,0,0,0,0,0,ShakeGrip
0,71,259,280,313,352,392,412,426,434,448,456,466,474,472,464,459,458,461,465,466,470,467,461,458,452,456,466,469,476,479,474,476,471,469,476,479,479,477,462,442,423,323,0,0,0,0,0,0,0,0,0,0,0,0,0,0,0,0,0,0,0,0,0,0,0,0,0,0,0,0,0,0,0,0,0,0,0,0,0,0,0,0,0,0,0,0,0,0,0,0,0,0,0,0,0,0,0,0,0,0,0,156,204,218,229,244,245,249,248,247,249,257,256,252,250,245,241,238,246,246,250,246,247,248,247,246,246,247,247,249,248,248,249,245,240,240,236,236,232,211,180,44,0,0,0,0,0,0,0,0,0,0,0,0,0,0,0,0,0,0,0,0,0,0,0,0,0,0,0,0,0,0,0,0,0,0,0,0,0,0,0,0,0,0,0,0,0,0,0,0,0,0,0,0,0,0,0,0,0,ShakeGrip
0,234,267,277,288,323,334,432,480,524,647,693,718,730,742,759,757,765,766,767,773,773,776,768,752,742,712,673,659,629,588,549,492,402,299,57,0,0,0,0,0,0,0,0,0,0,0,0,0,0,0,0,0,0,0,0,0,0,0,0,0,0,0,0,0,0,0,0,0,0,0,0,0,0,0,0,0,0,0,0,0,0,0,0,0,0,0,0,0,0,0,0,0,0,0,0,0,0,0,0,0,0,169,197,208,225,242,273,295,327,320,301,290,299,303,312,288,297,293,286,272,275,275,277,277,277,275,261,229,201,145,0,0,0,0,0,0,0,0,0,0,0,0,0,0,0,0,0,0,0,0,0,0,0,0,0,0,0,0,0,0,0,0,0,0,0,0,0,0,0,0,0,0,0,0,0,0,0,0,0,0,0,0,0,0,0,0,0,0,0,0,0,0,0,0,0,0,0,0,0,ShakeGrip
0,170,304,366,382,379,365,324,307,306,309,357,381,413,432,558,641,687,701,704,698,701,703,708,709,711,718,726,726,731,738,739,737,731,728,727,723,716,702,673,656,617,527,394,379,309,132,111,0,0,0,0,0,0,0,0,0,0,0,0,0,0,0,0,0,0,0,0,0,0,0,0,0,0,0,0,0,0,0,0,0,0,0,0,0,0,0,0,0,0,0,0,0,0,0,0,0,0,0,0,0,0,0,142,178,193,198,207,212,220,223,229,232,248,250,254,250,243,237,235,232,232,220,216,221,224,218,207,168,135,142,164,159,177,180,171,168,175,185,185,190,192,201,204,208,212,207,196,173,27,0,0,0,0,0,0,0,0,0,0,0,0,0,0,0,0,0,0,0,0,0,0,0,0,0,0,0,0,0,0,0,0,0,0,0,0,0,0,0,0,0,0,0,0,0,0,0,0,0,0,ShakeGrip
0,225,338,356,381,416,432,438,449,458,467,469,468,479,483,485,487,484,474,472,444,554,599,611,593,574,550,554,563,573,572,569,549,538,528,507,494,468,473,478,477,474,469,463,463,469,477,482,499,504,499,498,487,484,479,480,474,466,444,421,387,365,321,161,0,0,0,0,0,0,0,0,0,0,0,0,0,0,0,0,0,0,0,0,0,0,0,0,0,0,0,0,0,0,0,0,0,0,0,0,0,0,0,0,0,118,153,150,160,170,185,193,203,203,211,217,222,227,226,232,236,235,234,242,245,247,248,246,245,246,245,243,243,243,234,236,236,227,230,223,210,209,208,208,207,205,204,204,201,197,194,189,187,180,171,149,94,78,0,0,0,0,0,0,0,0,0,0,0,0,0,0,0,0,0,0,0,0,0,0,0,0,0,0,0,0,0,0,0,0,0,0,0,0,0,0,0,0,0,0,ShakeGrip
0,268,364,411,482,535,558,583,608,624,651,660,669,680,683,682,677,676,675,676,671,663,655,651,652,652,651,649,646,641,640,636,631,629,625,626,626,625,621,617,615,608,593,575,523,452,312,0,0,0,0,0,0,0,0,0,0,0,0,0,0,0,0,0,0,0,0,0,0,0,0,0,0,0,0,0,0,0,0,0,0,0,0,0,0,0,0,0,0,0,0,0,0,0,0,0,0,0,0,0,0,0,0,100,173,210,217,232,238,252,251,261,274,278,304,324,309,291,297,298,293,284,285,280,280,273,272,262,257,248,251,247,245,241,238,237,236,234,229,226,223,221,204,147,0,0,0,0,0,0,0,0,0,0,0,0,0,0,0,0,0,0,0,0,0,0,0,0,0,0,0,0,0,0,0,0,0,0,0,0,0,0,0,0,0,0,0,0,0,0,0,0,0,0,0,0,0,0,0,0,ShakeGrip
0,312,361,418,480,520,539,533,549,615,632,634,637,669,676,684,678,681,686,680,686,693,698,700,713,719,720,721,722,724,724,723,725,727,727,730,733,732,730,728,731,728,717,691,678,667,638,561,502,335,0,0,0,0,0,0,0,0,0,0,0,0,0,0,0,0,0,0,0,0,0,0,0,0,0,0,0,0,0,0,0,0,0,0,0,0,0,0,0,0,0,0,0,0,0,0,0,0,0,0,0,0,0,0,171,212,219,230,244,247,251,253,266,268,272,268,266,255,257,258,256,255,254,253,254,252,251,250,247,243,242,239,234,231,229,228,227,224,222,220,219,214,205,198,183,132,46,0,0,0,0,0,0,0,0,0,0,0,0,0,0,0,0,0,0,0,0,0,0,0,0,0,0,0,0,0,0,0,0,0,0,0,0,0,0,0,0,0,0,0,0,0,0,0,0,0,0,0,0,0,ShakeGrip
0,72,314,400,483,538,600,628,652,664,675,682,688,693,705,714,716,721,733,753,751,748,738,740,740,738,737,735,734,734,735,735,736,737,736,734,734,730,728,727,728,729,730,732,731,730,729,729,728,726,724,719,720,720,716,709,707,690,656,594,399,0,0,0,0,0,0,0,0,0,0,0,0,0,0,0,0,0,0,0,0,0,0,0,0,0,0,0,0,0,0,0,0,0,0,0,0,0,0,0,0,0,0,0,0,0,0,0,11,26,15,0,0,0,0,0,0,0,0,0,0,0,0,0,0,0,0,0,0,0,0,0,0,0,0,0,0,0,0,0,0,0,0,0,0,0,0,0,0,0,0,0,0,0,0,0,0,0,0,0,0,0,0,0,0,0,0,0,0,0,0,0,0,0,0,0,0,0,0,0,0,0,0,0,0,0,0,0,0,0,0,0,0,0,0,0,0,0,0,0,ShakeGrip
0,86,104,118,124,142,161,255,335,473,573,632,661,666,659,652,643,626,613,609,625,634,642,644,638,635,635,628,628,631,630,615,583,557,552,547,555,543,551,565,565,560,552,527,446,1,0,0,0,0,0,0,0,0,0,0,0,0,0,0,0,0,0,0,0,0,0,0,0,0,0,0,0,0,0,0,0,0,0,0,0,0,0,0,0,0,0,0,0,0,0,0,0,0,0,0,0,0,0,0,0,0,0,46,69,40,61,52,86,60,63,97,116,102,48,48,0,0,0,0,0,0,0,0,0,0,0,0,0,0,0,0,0,0,0,0,0,0,4,17,0,0,0,0,0,0,0,0,0,0,0,0,0,0,0,0,0,0,0,0,0,0,0,0,0,0,0,0,0,0,0,0,0,0,0,0,0,0,0,0,0,0,0,0,0,0,0,0,0,0,0,0,0,0,0,0,0,0,0,0,ShakeGrip
0,266,394,452,526,578,610,639,656,664,667,671,672,672,689,696,702,702,704,705,703,689,667,666,666,667,668,663,661,662,662,662,662,660,661,657,651,648,649,651,656,657,655,644,639,632,628,624,608,562,515,411,0,0,0,0,0,0,0,0,0,0,0,0,0,0,0,0,0,0,0,0,0,0,0,0,0,0,0,0,0,0,0,0,0,0,0,0,0,0,0,0,0,0,0,0,0,0,0,0,0,0,0,187,206,223,229,224,221,204,198,186,143,56,46,0,0,0,0,0,0,0,0,0,0,0,0,0,0,0,0,0,0,0,60,19,35,30,0,0,0,0,52,56,0,0,0,8,0,0,0,0,0,0,0,0,0,0,0,0,0,0,0,0,0,0,0,0,0,0,0,0,0,0,0,0,0,0,0,0,0,0,0,0,0,0,0,0,0,0,0,0,0,0,0,0,0,0,0,0,ShakeGrip
0,220,266,328,385,398,465,533,491,553,534,558,669,608,678,579,643,661,654,680,683,682,649,673,677,689,665,629,687,691,680,665,690,682,641,631,620,652,642,659,663,667,653,650,565,555,579,483,313,0,0,0,0,0,0,0,0,0,0,0,0,0,0,0,0,0,0,0,0,0,0,0,0,0,0,0,0,0,0,0,0,0,0,0,0,0,0,0,0,0,0,0,0,0,0,0,0,0,0,0,0,0,0,0,0,0,0,12,66,93,66,109,103,138,190,189,139,156,144,155,141,142,145,153,154,157,162,176,175,173,166,168,160,168,140,129,100,80,87,69,73,87,85,20,2,0,0,0,0,0,0,0,0,0,0,0,0,0,0,0,0,0,0,0,0,0,0,0,0,0,0,0,0,0,0,0,0,0,0,0,0,0,0,0,0,0,0,0,0,0,0,0,0,0,0,0,0,0,0,0,ShakeGrip
0,348,444,486,530,546,592,631,598,673,689,707,719,728,726,730,735,738,739,738,739,740,742,746,746,747,748,746,745,746,748,750,750,749,745,749,752,756,760,761,766,769,769,768,764,750,740,739,743,734,719,691,627,118,0,0,0,0,0,0,0,0,0,0,0,0,0,0,0,0,0,0,0,0,0,0,0,0,0,0,0,0,0,0,0,0,0,0,0,0,0,0,0,0,0,0,0,0,0,0,0,0,0,0,40,47,80,114,122,112,110,95,94,66,61,0,66,0,2,24,57,66,67,66,65,60,64,62,0,48,54,77,52,60,0,0,0,0,15,40,18,0,5,13,16,5,39,84,83,61,0,0,0,0,0,0,0,0,0,0,0,0,0,0,0,0,0,0,0,0,0,0,0,0,0,0,0,0,0,0,0,0,0,0,0,0,0,0,0,0,0,0,0,0,0,0,0,0,0,0,ShakeGrip
0,397,494,555,589,612,635,654,677,694,698,705,720,737,729,734,744,704,743,744,743,743,742,734,737,738,740,742,742,741,744,744,734,743,741,733,721,721,731,735,733,734,729,725,717,709,708,697,658,613,534,97,0,0,0,0,0,0,0,0,0,0,0,0,0,0,0,0,0,0,0,0,0,0,0,0,0,0,0,0,0,0,0,0,0,0,0,0,0,0,0,0,0,0,0,0,0,0,0,0,0,0,0,0,0,0,0,0,0,0,0,0,0,0,0,0,0,0,0,0,0,0,0,0,0,0,0,0,0,0,0,0,0,0,0,0,0,0,0,0,0,0,0,0,0,0,0,0,0,0,0,0,0,0,0,0,0,0,0,0,0,0,0,0,0,0,0,0,0,0,0,0,0,0,0,0,0,0,0,0,0,0,0,0,0,0,0,0,0,0,0,0,0,0,0,0,0,0,0,0,ShakeHold
0,126,257,312,365,423,453,489,506,530,527,537,517,551,519,552,560,0,0,512,555,561,560,565,551,572,569,558,570,573,576,602,581,609,608,601,604,599,595,581,556,518,447,284,0,0,0,0,0,0,0,0,0,0,0,0,0,0,0,0,0,0,0,0,0,0,0,0,0,0,0,0,0,0,0,0,0,0,0,0,0,0,0,0,0,0,0,0,0,0,0,0,0,0,0,0,0,0,0,0,0,0,0,0,0,0,42,133,143,154,171,174,168,180,178,182,181,174,183,184,177,178,176,162,154,140,140,101,100,119,115,107,110,110,80,34,0,0,0,0,0,0,0,0,0,0,0,0,0,0,0,0,0,0,0,0,0,0,0,0,0,0,0,0,0,0,0,0,0,0,0,0,0,0,0,0,0,0,0,0,0,0,0,0,0,0,0,0,0,0,0,0,0,0,0,0,0,0,0,0,ShakeGrip
0,159,194,205,220,222,229,235,243,248,250,251,248,247,242,243,251,249,254,252,252,247,205,233,245,248,252,252,249,252,254,250,237,130,108,50,0,0,0,0,0,0,0,0,0,0,0,0,0,0,0,0,0,0,0,0,0,0,0,0,0,0,0,0,0,0,0,0,0,0,0,0,0,0,0,0,0,0,0,0,0,0,0,0,0,0,0,0,0,0,0,0,0,0,0,0,0,0,0,0,0,0,0,0,0,0,0,0,0,0,0,0,0,0,0,0,0,0,0,0,0,0,0,0,0,0,0,0,0,0,0,0,0,0,0,0,0,0,0,0,0,0,0,0,0,0,0,0,0,0,0,0,0,0,0,0,0,0,0,0,0,0,0,0,0,0,0,0,0,0,0,0,0,0,0,0,0,0,0,0,0,0,0,0,0,0,0,0,0,0,0,0,0,0,0,0,0,0,0,0,ShakeGrip
0,111,230,251,264,295,316,314,306,290,285,284,285,278,276,274,269,263,262,261,263,262,262,259,252,248,249,251,254,254,250,246,247,245,239,219,164,123,0,0,0,0,0,0,0,0,0,0,0,0,0,0,0,0,0,0,0,0,0,0,0,0,0,0,0,0,0,0,0,0,0,0,0,0,0,0,0,0,0,0,0,0,0,0,0,0,0,0,0,0,0,0,0,0,0,0,0,0,0,0,0,0,0,0,0,0,0,0,0,0,0,0,0,0,0,0,0,0,0,0,0,0,0,0,0,0,0,0,0,0,0,0,0,0,0,0,0,0,0,0,0,0,0,0,0,0,0,0,0,0,0,0,0,0,0,0,0,0,0,0,0,0,0,0,0,0,0,0,0,0,0,0,0,0,0,0,0,0,0,0,0,0,0,0,0,0,0,0,0,0,0,0,0,0,0,0,0,0,0,0,ShakeGrip
0,80,53,43,72,59,142,142,147,175,163,256,258,260,262,281,305,321,320,280,192,175,63,0,0,0,0,0,0,0,0,0,0,0,0,0,0,0,0,0,0,0,0,0,0,0,0,0,0,0,0,0,0,0,0,0,0,0,0,0,0,0,0,0,0,0,0,0,0,0,0,0,0,0,0,0,0,0,0,0,0,0,0,0,0,0,0,0,0,0,0,0,0,0,0,0,0,0,0,0,0,0,0,0,0,0,0,0,0,0,0,0,0,0,0,0,0,0,0,0,0,0,0,0,0,0,0,0,0,0,0,0,0,0,0,0,0,0,0,0,0,0,0,0,0,0,0,0,0,0,0,0,0,0,0,0,0,0,0,0,0,0,0,0,0,0,0,0,0,0,0,0,0,0,0,0,0,0,0,0,0,0,0,0,0,0,0,0,0,0,0,0,0,0,0,0,0,0,0,0,ShakeGrip
0,185,271,267,266,224,195,104,96,106,154,184,191,194,190,184,184,184,182,168,162,149,132,110,85,86,86,80,0,0,0,0,0,0,0,0,0,0,0,0,2,0,0,0,0,0,0,0,0,0,0,0,0,0,0,0,0,0,0,0,0,0,0,0,0,0,0,0,0,0,0,0,0,0,0,0,0,0,0,0,0,0,0,0,0,0,0,0,0,0,0,0,0,0,0,0,0,0,0,0,0,0,0,0,0,0,0,0,0,43,0,27,71,76,34,0,0,0,0,0,0,0,0,0,0,0,0,0,0,0,0,0,0,0,0,0,0,0,0,0,0,0,0,0,0,0,0,0,0,0,0,0,0,0,0,0,0,0,0,0,0,0,0,0,0,0,0,0,0,0,0,0,0,0,0,0,0,0,0,0,0,0,0,0,0,0,0,0,0,0,0,0,0,0,0,0,0,0,0,0,ShakeGrip
0,128,83,39,127,166,116,175,307,370,416,428,439,443,446,459,469,471,462,469,471,476,474,470,458,435,408,366,223,119,109,0,0,0,0,0,0,0,0,0,0,0,0,0,0,0,0,0,0,0,0,0,0,0,0,0,0,0,0,0,0,0,0,0,0,0,0,0,0,0,0,0,0,0,0,0,0,0,0,0,0,0,0,0,0,0,0,0,0,0,0,0,0,0,0,0,0,0,0,0,0,0,0,0,0,0,0,0,0,0,0,0,0,0,0,0,0,0,0,0,0,0,0,0,0,0,0,0,0,0,0,0,0,0,0,0,0,0,0,0,0,0,0,0,0,0,0,0,0,0,0,0,0,0,0,0,0,0,0,0,0,0,0,0,0,0,0,0,0,0,0,0,0,0,0,0,0,0,0,0,0,0,0,0,0,0,0,0,0,0,0,0,0,0,0,0,0,0,0,0,ShakeGrip
0,199,292,353,378,404,425,409,447,474,494,512,517,525,537,553,566,579,591,603,610,618,625,628,636,644,649,655,654,655,655,656,660,658,655,648,632,606,575,520,435,315,0,0,0,0,0,0,0,0,0,0,0,0,0,0,0,0,0,0,0,0,0,0,0,0,0,0,0,0,0,0,0,0,0,0,0,0,0,0,0,0,0,0,0,0,0,0,0,0,0,0,0,0,0,0,0,0,0,0,0,0,0,0,0,0,0,0,0,0,0,0,3,46,0,32,28,5,0,30,19,17,0,20,21,13,15,1,0,0,0,52,53,53,52,50,50,51,0,0,0,0,0,0,0,0,0,0,0,0,0,0,0,0,0,0,0,0,0,0,0,0,0,0,0,0,0,0,0,0,0,0,0,0,0,0,0,0,0,0,0,0,0,0,0,0,0,0,0,0,0,0,0,0,0,0,0,0,0,0,ShakeGrip
0,6,113,142,145,54,64,81,24,0,0,0,4,0,0,30,54,76,96,114,124,28,0,0,0,0,14,73,22,0,0,0,0,0,0,0,0,0,0,0,0,0,0,0,0,0,0,0,0,0,0,0,0,0,0,0,0,0,0,0,0,0,0,0,0,0,0,0,0,0,0,0,0,0,0,0,0,0,0,0,0,0,0,0,0,0,0,0,0,0,0,0,0,0,0,0,0,0,0,0,0,0,0,0,0,0,0,0,0,0,0,24,31,36,37,47,66,63,89,87,39,0,0,0,0,0,0,0,0,0,0,0,0,0,0,0,0,0,0,0,0,0,0,0,0,0,0,0,0,0,0,0,0,0,0,0,0,0,0,0,0,0,0,0,0,0,0,0,0,0,0,0,0,0,0,0,0,0,0,0,0,0,0,0,0,0,0,0,0,0,0,0,0,0,0,0,0,0,0,0,ShakeGrip
0,0,4,0,0,30,54,76,96,114,124,28,0,0,0,0,14,73,22,0,0,0,0,0,0,0,0,0,0,0,0,0,0,0,0,0,0,0,0,0,0,0,0,0,0,0,0,0,0,0,0,0,0,0,0,0,0,0,0,0,0,0,0,0,0,0,0,0,0,0,0,0,0,0,0,0,0,0,0,0,0,0,0,0,0,0,0,0,0,0,0,0,0,0,0,0,0,0,0,0,0,24,31,36,37,47,66,63,89,87,39,0,0,0,0,0,0,0,0,0,0,0,0,0,0,0,0,0,0,0,0,0,0,0,0,0,0,0,0,0,0,0,0,0,0,0,0,0,0,0,0,0,0,0,0,0,0,0,0,0,0,0,0,0,0,0,0,0,0,0,0,0,0,0,0,0,0,0,0,0,0,0,0,0,0,0,0,0,0,0,0,0,0,0,0,0,0,0,0,0,ShakeGrip
0,0,0,0,0,0,140,199,191,161,123,0,0,15,94,48,68,74,0,0,0,0,0,0,0,0,0,0,0,0,0,0,0,0,0,0,0,0,0,0,0,0,0,0,0,0,0,0,0,0,0,0,0,0,0,0,0,0,0,0,0,0,0,0,0,0,0,0,0,0,0,0,0,0,0,0,0,0,0,0,0,0,0,0,0,0,0,0,0,0,0,0,0,0,0,0,0,0,0,0,0,210,224,236,265,277,294,300,278,267,260,252,252,250,252,251,247,245,238,232,224,219,218,213,210,210,207,199,195,188,174,153,110,67,67,0,0,0,0,0,0,0,0,0,0,0,0,0,0,0,0,0,0,0,0,0,0,0,0,0,0,0,0,0,0,0,0,0,0,0,0,0,0,0,0,0,0,0,0,0,0,0,0,0,0,0,0,0,0,0,0,0,0,0,0,0,0,0,0,0,ShakeGrip
0,0,183,0,0,0,0,0,0,0,0,0,0,0,0,0,0,0,0,0,0,0,0,0,0,0,0,0,0,0,0,0,0,0,0,0,0,0,0,0,0,0,0,0,0,0,0,0,0,0,0,0,0,0,0,0,0,0,0,0,0,0,0,0,0,0,0,0,0,0,0,0,0,0,0,0,0,0,0,0,0,0,0,0,0,0,0,0,0,0,0,0,0,0,0,0,0,0,0,0,0,93,123,142,162,173,176,178,182,169,169,162,160,151,144,137,60,58,58,72,1,0,0,0,0,0,0,0,0,0,0,0,0,0,0,0,0,0,0,0,0,0,0,0,0,0,0,0,0,0,0,0,0,0,0,0,0,0,0,0,0,0,0,0,0,0,0,0,0,0,0,0,0,0,0,0,0,0,0,0,0,0,0,0,0,0,0,0,0,0,0,0,0,0,0,0,0,0,0,0,ShakeGrip
0,0,0,0,0,0,0,0,0,461,488,495,505,510,525,538,544,546,546,562,573,578,586,587,602,621,629,631,634,649,644,650,646,641,637,628,615,578,532,522,489,315,0,0,0,0,0,0,0,0,0,0,0,0,0,0,0,0,0,0,0,0,0,0,0,0,0,0,0,0,0,0,0,0,0,0,0,0,0,0,0,0,0,0,0,0,0,0,0,0,0,0,0,0,0,0,0,0,0,0,0,92,136,166,178,184,196,203,204,189,200,181,197,199,202,195,190,196,198,197,195,191,166,173,176,177,179,179,179,180,178,174,168,150,119,119,28,29,0,0,0,0,0,0,0,0,0,0,0,0,0,0,0,0,0,0,0,0,0,0,0,0,0,0,0,0,0,0,0,0,0,0,0,0,0,0,0,0,0,0,0,0,0,0,0,0,0,0,0,0,0,0,0,0,0,0,0,0,0,0,ShakeGrip
0,0,0,0,0,0,256,268,423,439,429,346,527,589,604,612,604,595,565,520,363,344,385,440,435,436,430,438,442,428,437,440,461,468,465,439,296,220,0,0,0,0,0,0,0,0,0,0,0,0,0,0,0,0,0,0,0,0,0,0,0,0,0,0,0,0,0,0,0,0,0,0,0,0,0,0,0,0,0,0,0,0,0,0,0,0,0,0,0,0,0,0,0,0,0,0,0,0,0,0,0,18,87,96,99,26,4,0,0,0,0,0,0,0,0,0,0,0,0,0,0,0,0,0,0,0,0,0,0,0,0,0,0,0,0,0,0,0,0,0,0,0,0,0,0,0,0,0,0,0,0,0,0,0,0,0,0,0,0,0,0,0,0,0,0,0,0,0,0,0,0,0,0,0,0,0,0,0,0,0,0,0,0,0,0,0,0,0,0,0,0,0,0,0,0,0,0,0,0,0,ShakeGrip
0,0,0,0,0,0,0,0,0,538,621,648,681,693,684,672,668,664,658,645,643,642,632,639,640,643,630,630,630,630,631,630,627,633,633,637,636,631,613,535,512,467,282,0,0,0,0,0,0,0,0,0,0,0,0,0,0,0,0,0,0,0,0,0,0,0,0,0,0,0,0,0,0,0,0,0,0,0,0,0,0,0,0,0,0,0,0,0,0,0,0,0,0,0,0,0,0,0,0,0,0,166,179,176,185,195,216,215,236,238,242,243,244,241,240,235,231,228,229,225,221,221,219,217,208,206,204,184,182,177,148,137,109,91,90,91,69,26,14,0,0,0,0,0,0,0,0,0,0,0,0,0,0,0,0,0,0,0,0,0,0,0,0,0,0,0,0,0,0,0,0,0,0,0,0,0,0,0,0,0,0,0,0,0,0,0,0,0,0,0,0,0,0,0,0,0,0,0,0,0,ShakeGrip
