0,0,0,0,0,38,134,190,320,474,597,654,708,738,759,793,815,838,852,861,868,878,889,900,908,913,915,915,917,918,918,921,924,926,928,930,931,933,934,935,936,937,937,936,935,933,931,927,922,914,904,883,854,805,727,558,89,0,0,0,0,0,0,0,0,0,0,0,0,0,0,0,0,0,0,0,0,0,0,0,0,0,0,0,0,0,0,0,0,0,0,0,0,0,0,0,0,0,0,0,0,117,222,298,346,420,524,657,701,729,762,796,826,846,865,885,895,902,910,918,925,930,934,937,942,945,947,947,944,941,939,942,946,948,951,952,953,954,955,956,957,958,958,957,955,953,950,947,945,943,940,931,916,897,846,746,614,314,0,0,0,0,0,0,0,0,0,0,0,0,0,0,0,0,0,0,0,0,0,0,0,0,0,0,0,0,0,0,0,0,0,0,0,0,0,0,0,0,0,0,ShakeHold
0,0,0,0,0,0,90,266,426,526,616,682,734,771,794,814,833,844,850,857,860,862,863,864,866,870,870,875,882,891,895,898,896,897,895,894,892,892,893,892,893,894,891,887,881,875,866,854,834,789,734,610,341,0,0,0,0,0,0,0,0,0,0,0,0,0,0,0,0,0,0,0,0,0,0,0,0,0,0,0,0,0,0,0,0,0,0,0,0,0,0,0,0,0,0,0,0,0,0,0,0,39,232,313,400,455,514,589,667,719,758,784,811,834,852,866,882,892,897,900,903,904,903,903,902,901,901,904,908,914,920,924,927,927,927,926,924,921,920,919,918,917,917,917,917,915,911,901,886,863,824,711,667,495,311,164,0,0,0,0,0,0,0,0,0,0,0,0,0,0,0,0,0,0,0,0,0,0,0,0,0,0,0,0,0,0,0,0,0,0,0,0,0,0,0,0,0,0,0,0,ShakeHold
0,0,0,0,0,0,0,0,0,0,215,333,414,502,577,616,654,704,734,760,780,794,809,822,840,851,859,865,867,868,866,866,872,876,877,875,866,827,775,622,366,0,0,0,0,0,0,0,0,0,0,0,0,0,0,0,0,0,0,0,0,0,0,0,0,0,0,0,0,0,0,0,0,0,0,0,0,0,0,0,0,0,0,0,0,0,0,0,0,0,0,0,0,0,0,0,0,0,0,0,0,21,177,235,351,376,473,541,561,627,677,700,721,742,755,768,775,787,799,810,819,828,839,854,866,873,875,878,879,878,879,880,886,890,890,890,882,863,828,762,650,502,288,264,0,0,0,0,0,0,0,0,0,0,0,0,0,0,0,0,0,0,0,0,0,0,0,0,0,0,0,0,0,0,0,0,0,0,0,0,0,0,0,0,0,0,0,0,0,0,0,0,0,0,0,0,0,0,0,0,ShakeHold
0,0,0,0,0,0,0,0,0,0,0,0,0,0,0,12,52,106,165,190,214,240,245,252,239,254,274,297,319,318,334,352,380,414,454,468,474,472,453,440,413,361,306,272,237,229,206,169,113,0,0,0,0,0,0,0,0,0,0,0,0,0,0,0,0,0,0,0,0,0,0,0,0,0,0,0,0,0,0,0,0,0,0,0,0,0,0,0,0,0,0,0,0,0,0,0,0,0,0,0,0,26,133,181,210,210,254,328,352,365,406,408,405,428,456,522,555,584,613,637,642,664,688,687,695,707,718,728,732,736,739,743,755,762,769,774,776,770,760,757,754,753,748,732,714,705,676,651,605,526,434,405,368,294,248,183,83,0,0,0,0,0,0,0,0,0,0,0,0,0,0,0,0,0,0,0,0,0,0,0,0,0,0,0,0,0,0,0,0,0,0,0,0,0,0,0,0,0,0,0,ShakeHold
0,0,0,0,0,0,0,151,257,326,429,549,649,733,776,795,814,845,868,886,900,908,915,921,926,929,930,930,930,932,933,934,935,935,934,932,927,921,914,902,878,843,779,628,218,0,0,0,0,0,0,0,0,0,0,0,0,0,0,0,0,0,0,0,0,0,0,0,0,0,0,0,0,0,0,0,0,0,0,0,0,0,0,0,0,0,0,0,0,0,0,0,0,0,0,0,0,0,0,0,0,20,99,159,200,284,352,393,433,473,500,557,608,656,704,757,790,815,839,862,881,897,909,918,926,929,931,931,931,932,935,936,937,938,937,935,932,927,917,905,881,827,760,613,440,277,142,0,0,0,0,0,0,0,0,0,0,0,0,0,0,0,0,0,0,0,0,0,0,0,0,0,0,0,0,0,0,0,0,0,0,0,0,0,0,0,0,0,0,0,0,0,0,0,0,0,0,0,0,0,ShakeHold
0,0,0,0,0,0,94,177,214,291,370,458,499,535,579,647,686,716,744,776,794,806,811,817,821,827,830,834,837,834,821,802,779,735,634,486,237,34,0,0,0,0,0,0,0,0,0,0,0,0,0,0,0,0,0,0,0,0,0,0,0,0,0,0,0,0,0,0,0,0,0,0,0,0,0,0,0,0,0,0,0,0,0,0,0,0,0,0,0,0,0,0,0,0,0,0,0,0,0,0,0,29,100,180,271,347,389,413,436,504,539,643,684,701,751,792,809,819,824,830,837,841,848,852,856,860,865,866,866,862,857,856,859,861,855,832,740,627,452,214,66,0,0,0,0,0,0,0,0,0,0,0,0,0,0,0,0,0,0,0,0,0,0,0,0,0,0,0,0,0,0,0,0,0,0,0,0,0,0,0,0,0,0,0,0,0,0,0,0,0,0,0,0,0,0,0,0,0,0,0,ShakeHold
0,0,0,25,196,379,544,634,692,741,764,778,785,797,814,831,842,854,866,874,878,881,883,884,884,883,882,877,870,863,850,828,796,770,705,558,304,0,0,0,0,0,0,0,0,0,0,0,0,0,0,0,0,0,0,0,0,0,0,0,0,0,0,0,0,0,0,0,0,0,0,0,0,0,0,0,0,0,0,0,0,0,0,0,0,0,0,0,0,0,0,0,0,0,0,0,0,0,0,0,0,142,273,410,533,686,781,824,854,877,894,902,907,910,914,920,925,930,934,937,940,943,943,944,943,943,942,939,935,933,928,924,916,901,872,814,700,461,71,0,0,0,0,0,0,0,0,0,0,0,0,0,0,0,0,0,0,0,0,0,0,0,0,0,0,0,0,0,0,0,0,0,0,0,0,0,0,0,0,0,0,0,0,0,0,0,0,0,0,0,0,0,0,0,0,0,0,0,0,0,ShakeHold
0,0,0,0,22,67,104,117,167,209,232,273,368,440,531,596,639,670,698,720,740,752,757,755,760,761,769,770,769,762,749,715,667,631,595,505,353,165,0,0,0,0,0,0,0,0,0,0,0,0,0,0,0,0,0,0,0,0,0,0,0,0,0,0,0,0,0,0,0,0,0,0,0,0,0,0,0,0,0,0,0,0,0,0,0,0,0,0,0,0,0,0,0,0,0,0,0,0,0,0,0,166,302,358,421,450,568,611,641,685,713,747,784,816,832,844,852,864,878,895,907,914,921,923,925,925,926,926,925,922,918,907,896,887,872,843,797,719,643,469,304,103,0,0,0,0,0,0,0,0,0,0,0,0,0,0,0,0,0,0,0,0,0,0,0,0,0,0,0,0,0,0,0,0,0,0,0,0,0,0,0,0,0,0,0,0,0,0,0,0,0,0,0,0,0,0,0,0,0,0,ShakeHold
0,0,0,0,0,66,164,239,372,493,590,639,684,728,774,806,829,842,851,861,871,877,887,893,900,905,908,910,912,912,914,916,916,917,913,915,912,912,910,909,907,903,896,888,880,873,859,819,715,512,210,0,0,0,0,0,0,0,0,0,0,0,0,0,0,0,0,0,0,0,0,0,0,0,0,0,0,0,0,0,0,0,0,0,0,0,0,0,0,0,0,0,0,0,0,0,0,0,0,0,0,111,131,248,352,394,502,577,638,689,727,749,772,808,840,861,878,887,893,901,906,911,915,918,922,925,927,930,933,935,936,935,934,936,935,935,935,935,934,934,932,931,924,917,904,897,886,863,815,624,370,0,0,0,0,0,0,0,0,0,0,0,0,0,0,0,0,0,0,0,0,0,0,0,0,0,0,0,0,0,0,0,0,0,0,0,0,0,0,0,0,0,0,0,0,0,0,0,0,0,ShakeHold
0,0,0,0,0,0,0,0,118,229,283,382,454,538,595,625,644,676,708,731,741,748,752,756,760,762,763,763,765,767,771,772,769,769,768,766,762,764,763,765,765,767,766,760,756,738,706,657,592,457,357,211,37,0,0,0,0,0,0,0,0,0,0,0,0,0,0,0,0,0,0,0,0,0,0,0,0,0,0,0,0,0,0,0,0,0,0,0,0,0,0,0,0,0,0,0,0,0,0,0,0,106,189,291,373,475,608,665,688,754,790,816,829,843,854,860,865,870,877,883,888,890,893,894,896,897,899,898,898,899,899,901,901,901,903,904,905,906,905,904,903,902,901,900,896,890,885,879,867,840,805,706,658,576,406,247,170,0,0,0,0,0,0,0,0,0,0,0,0,0,0,0,0,0,0,0,0,0,0,0,0,0,0,0,0,0,0,0,0,0,0,0,0,0,0,0,0,0,0,0,ShakeHold
0,0,0,0,0,0,0,0,0,35,240,406,508,599,664,713,738,752,762,771,780,788,796,809,811,813,823,836,851,862,870,877,882,889,893,898,901,905,910,914,917,919,917,912,907,901,885,865,845,815,774,699,512,150,0,0,0,0,0,0,0,0,0,0,0,0,0,0,0,0,0,0,0,0,0,0,0,0,0,0,0,0,0,0,0,0,0,0,0,0,0,0,0,0,0,0,0,0,0,0,0,133,203,301,397,459,472,515,590,670,711,737,756,780,796,809,820,825,828,830,834,842,851,859,859,857,860,867,874,883,890,895,901,906,913,918,922,926,929,930,931,931,930,929,925,913,889,868,851,813,733,633,564,436,286,256,0,0,0,0,0,0,0,0,0,0,0,0,0,0,0,0,0,0,0,0,0,0,0,0,0,0,0,0,0,0,0,0,0,0,0,0,0,0,0,0,0,0,0,0,ShakeHold
0,0,0,0,0,0,0,7,57,155,250,392,508,589,622,661,686,706,720,732,737,740,753,770,779,788,793,794,795,795,792,786,787,788,792,792,792,775,751,722,648,533,381,153,0,0,0,0,0,0,0,0,0,0,0,0,0,0,0,0,0,0,0,0,0,0,0,0,0,0,0,0,0,0,0,0,0,0,0,0,0,0,0,0,0,0,0,0,0,0,0,0,0,0,0,0,0,0,0,0,0,129,251,313,377,458,534,570,602,690,740,772,796,814,834,847,862,876,884,891,894,896,898,901,900,898,898,902,906,911,914,915,916,915,912,906,901,896,890,878,857,833,784,723,636,533,349,275,0,0,0,0,0,0,0,0,0,0,0,0,0,0,0,0,0,0,0,0,0,0,0,0,0,0,0,0,0,0,0,0,0,0,0,0,0,0,0,0,0,0,0,0,0,0,0,0,0,0,0,0,ShakeHold
0,0,0,0,0,0,0,0,0,0,0,0,0,48,131,168,222,259,299,323,336,345,362,406,455,458,466,480,495,514,537,524,536,547,560,561,570,575,573,554,548,544,540,496,464,422,287,128,0,0,0,0,0,0,0,0,0,0,0,0,0,0,0,0,0,0,0,0,0,0,0,0,0,0,0,0,0,0,0,0,0,0,0,0,0,0,0,0,0,0,0,0,0,0,0,0,0,0,0,0,0,89,16,203,269,312,332,349,354,353,348,349,354,344,329,324,315,322,313,308,315,311,316,330,326,322,327,339,346,341,323,313,319,334,348,348,359,370,375,364,352,350,353,349,344,333,316,249,223,164,155,183,112,0,0,0,0,0,0,0,0,0,0,0,0,0,0,0,0,0,0,0,0,0,0,0,0,0,0,0,0,0,0,0,0,0,0,0,0,0,0,0,0,0,0,0,0,0,0,0,ShakeHold
0,0,0,0,0,0,0,0,0,0,0,0,0,94,145,167,180,211,242,285,337,356,362,381,361,368,368,398,428,479,519,526,537,547,579,573,557,545,518,432,365,327,244,116,0,0,0,0,0,0,0,0,0,0,0,0,0,0,0,0,0,0,0,0,0,0,0,0,0,0,0,0,0,0,0,0,0,0,0,0,0,0,0,0,0,0,0,0,0,0,0,0,0,0,0,0,0,0,0,0,0,105,148,276,448,477,528,512,584,615,645,680,685,697,710,721,727,739,750,751,746,739,744,762,779,789,792,809,824,840,854,861,864,867,872,877,877,875,865,857,840,801,733,692,619,469,386,296,212,15,0,0,0,0,0,0,0,0,0,0,0,0,0,0,0,0,0,0,0,0,0,0,0,0,0,0,0,0,0,0,0,0,0,0,0,0,0,0,0,0,0,0,0,0,0,0,0,0,0,0,ShakeHold
0,0,0,0,0,142,393,559,653,727,785,795,840,857,878,881,892,900,903,909,914,917,920,922,927,929,930,932,932,932,933,933,934,934,934,933,934,933,932,931,928,907,927,871,913,901,886,820,655,354,0,0,0,0,0,0,0,0,0,0,0,0,0,0,0,0,0,0,0,0,0,0,0,0,0,0,0,0,0,0,0,0,0,0,0,0,0,0,0,0,0,0,0,0,0,0,0,0,0,0,0,106,173,226,299,431,547,637,678,698,749,801,824,841,852,856,862,871,878,884,889,893,896,897,899,902,906,908,909,910,910,911,912,912,913,914,914,914,913,912,911,909,907,903,898,885,860,797,723,553,175,0,0,0,0,0,0,0,0,0,0,0,0,0,0,0,0,0,0,0,0,0,0,0,0,0,0,0,0,0,0,0,0,0,0,0,0,0,0,0,0,0,0,0,0,0,0,0,0,0,ShakeHold
0,0,0,0,0,28,239,426,484,567,618,687,727,755,772,791,802,812,818,821,825,829,834,838,842,842,841,842,845,847,849,850,851,850,849,845,844,842,833,823,787,707,599,406,132,0,0,0,0,0,0,0,0,0,0,0,0,0,0,0,0,0,0,0,0,0,0,0,0,0,0,0,0,0,0,0,0,0,0,0,0,0,0,0,0,0,0,0,0,0,0,0,0,0,0,0,0,0,0,0,0,26,183,305,403,451,567,629,648,685,720,755,774,785,790,802,820,827,831,834,836,836,844,849,853,858,855,857,858,859,863,865,866,866,864,863,860,856,844,822,778,760,692,593,455,378,275,90,0,0,0,0,0,0,0,0,0,0,0,0,0,0,0,0,0,0,0,0,0,0,0,0,0,0,0,0,0,0,0,0,0,0,0,0,0,0,0,0,0,0,0,0,0,0,0,0,0,0,0,0,ShakeHold
0,0,0,0,0,0,0,0,0,0,169,399,509,567,633,682,717,768,793,812,822,839,848,863,874,873,876,877,876,877,879,879,879,883,884,886,886,885,885,885,886,887,887,884,885,883,879,873,863,846,821,798,776,733,671,572,407,89,0,0,0,0,0,0,0,0,0,0,0,0,0,0,0,0,0,0,0,0,0,0,0,0,0,0,0,0,0,0,0,0,0,0,0,0,0,0,0,0,0,0,0,18,37,140,197,227,220,214,268,362,567,670,724,764,795,819,842,868,885,894,900,906,914,923,928,929,930,931,931,931,932,931,932,934,937,938,939,938,938,938,939,939,938,938,938,938,936,932,927,918,910,902,892,878,857,807,662,505,206,138,0,0,0,0,0,0,0,0,0,0,0,0,0,0,0,0,0,0,0,0,0,0,0,0,0,0,0,0,0,0,0,0,0,0,0,0,0,0,0,0,ShakeHold
0,0,0,0,0,49,344,515,586,643,695,751,776,790,798,801,804,807,810,811,809,809,809,813,820,828,831,831,830,831,831,831,831,824,801,798,801,805,811,817,816,806,764,706,595,342,53,0,0,0,0,0,0,0,0,0,0,0,0,0,0,0,0,0,0,0,0,0,0,0,0,0,0,0,0,0,0,0,0,0,0,0,0,0,0,0,0,0,0,0,0,0,0,0,0,0,0,0,0,0,0,66,188,338,445,518,635,710,754,774,792,798,807,820,823,827,829,838,843,846,845,845,843,844,856,864,868,867,865,865,864,863,861,848,843,842,841,843,849,853,853,835,825,802,759,644,449,377,173,0,0,0,0,0,0,0,0,0,0,0,0,0,0,0,0,0,0,0,0,0,0,0,0,0,0,0,0,0,0,0,0,0,0,0,0,0,0,0,0,0,0,0,0,0,0,0,0,0,0,0,ShakeHold
0,0,0,0,0,0,0,0,0,18,198,331,495,576,646,698,724,745,753,761,767,772,777,786,794,806,818,828,835,840,841,844,843,841,840,846,850,854,855,852,841,822,804,756,707,645,582,460,363,160,0,0,0,0,0,0,0,0,0,0,0,0,0,0,0,0,0,0,0,0,0,0,0,0,0,0,0,0,0,0,0,0,0,0,0,0,0,0,0,0,0,0,0,0,0,0,0,0,0,0,0,16,206,331,421,466,509,537,568,606,630,698,751,784,808,823,841,847,851,854,856,852,849,851,861,875,886,894,900,902,904,904,902,897,894,894,896,900,904,906,905,898,889,860,835,797,741,684,653,555,430,250,76,0,0,0,0,0,0,0,0,0,0,0,0,0,0,0,0,0,0,0,0,0,0,0,0,0,0,0,0,0,0,0,0,0,0,0,0,0,0,0,0,0,0,0,0,0,0,0,ShakeHold
0,0,89,165,166,349,467,543,627,686,728,760,779,793,804,815,819,818,819,823,827,828,829,832,834,836,838,839,839,840,842,844,843,843,847,846,846,846,842,840,838,836,836,839,841,838,840,841,832,814,798,795,792,779,766,734,667,560,415,247,0,0,0,0,0,0,0,0,0,0,0,0,0,0,0,0,0,0,0,0,0,0,0,0,0,0,0,0,0,0,0,0,0,0,0,0,0,0,0,0,0,40,176,320,408,456,531,631,699,734,765,782,790,803,815,824,824,827,829,832,836,838,840,843,844,845,847,845,846,846,845,844,840,839,841,842,843,841,843,845,847,848,848,849,849,847,848,845,841,835,831,825,824,822,810,792,760,692,602,453,381,215,7,1,0,0,0,0,0,0,0,0,0,0,0,0,0,0,0,0,0,0,0,0,0,0,0,0,0,0,0,0,0,0,0,0,0,0,0,0,ShakeHold
0,0,0,0,0,236,407,545,630,706,744,772,796,821,833,840,845,851,853,856,858,862,864,867,870,875,880,884,887,889,888,888,885,882,880,876,878,881,882,880,878,878,873,867,863,853,839,802,735,577,379,121,0,0,0,0,0,0,0,0,0,0,0,0,0,0,0,0,0,0,0,0,0,0,0,0,0,0,0,0,0,0,0,0,0,0,0,0,0,0,0,0,0,0,0,0,0,0,0,0,0,62,163,482,584,702,759,803,822,834,864,879,892,901,909,914,919,923,925,927,928,928,929,929,930,931,933,936,940,943,944,943,941,939,936,932,932,932,933,934,936,937,934,931,929,923,916,901,864,801,723,504,264,0,0,0,0,0,0,0,0,0,0,0,0,0,0,0,0,0,0,0,0,0,0,0,0,0,0,0,0,0,0,0,0,0,0,0,0,0,0,0,0,0,0,0,0,0,0,0,ShakeHold
0,0,0,0,0,195,317,507,620,689,737,770,796,818,835,846,853,863,869,874,877,877,877,877,879,880,881,882,882,880,881,880,874,868,869,871,873,877,880,881,883,881,877,873,867,864,864,863,858,851,838,803,737,657,432,0,0,0,0,0,0,0,0,0,0,0,0,0,0,0,0,0,0,0,0,0,0,0,0,0,0,0,0,0,0,0,0,0,0,0,0,0,0,0,0,0,0,0,0,0,0,128,170,187,314,419,533,666,749,792,829,859,883,895,906,915,921,925,930,933,936,939,942,943,943,944,944,944,944,945,945,945,945,945,945,944,944,944,944,943,942,942,940,938,935,935,935,934,930,926,920,907,883,836,729,491,229,0,0,24,13,13,1,0,0,0,0,0,0,0,0,0,0,0,0,0,0,0,0,0,0,0,0,0,0,0,0,0,0,0,0,0,0,0,0,0,0,0,0,0,ShakeHold
0,0,0,0,62,302,395,458,579,659,705,740,768,794,812,826,834,839,844,853,857,860,868,874,878,879,880,881,884,885,885,884,882,878,875,875,873,866,854,832,797,740,678,577,310,61,0,0,0,0,0,0,0,0,0,0,0,0,0,0,0,0,0,0,0,0,0,0,0,0,0,0,0,0,0,0,0,0,0,0,0,0,0,0,0,0,0,0,0,0,0,0,0,0,0,0,0,0,0,0,0,109,210,337,434,514,582,644,700,763,792,804,824,838,844,849,852,852,856,858,858,853,856,861,865,871,876,884,889,889,889,888,884,882,882,884,885,881,870,858,843,817,764,664,529,435,281,97,0,0,0,0,0,0,0,0,0,0,0,0,0,0,0,0,0,0,0,0,0,0,0,0,0,0,0,0,0,0,0,0,0,0,0,0,0,0,0,0,0,0,0,0,0,0,0,0,0,0,0,0,ShakeHold
0,0,0,0,0,0,0,0,0,0,213,435,602,684,736,771,792,825,847,860,858,872,879,883,884,885,887,899,906,907,908,909,912,913,912,911,910,909,910,910,911,912,912,909,905,897,883,861,841,806,717,556,223,0,0,0,0,0,0,0,0,0,0,0,0,0,0,0,0,0,0,0,0,0,0,0,0,0,0,0,0,0,0,0,0,0,0,0,0,0,0,0,0,0,0,0,0,0,0,0,0,34,78,92,174,296,397,498,590,651,727,780,806,831,861,879,890,902,914,924,932,941,945,947,949,949,948,947,945,944,945,946,948,951,952,953,952,950,950,949,950,950,951,950,949,946,940,932,918,897,857,802,656,466,1,0,0,0,0,0,0,0,0,0,0,0,0,0,0,0,0,0,0,0,0,0,0,0,0,0,0,0,0,0,0,0,0,0,0,0,0,0,0,0,0,0,0,0,0,0,ShakeHold
0,0,0,0,0,0,0,37,232,311,447,541,578,655,689,714,740,760,778,790,800,811,816,820,825,827,832,836,836,840,845,846,849,851,855,858,858,858,858,855,841,829,821,819,816,806,780,754,654,501,364,152,0,0,0,0,0,0,0,0,0,0,0,0,0,0,0,0,0,0,0,0,0,0,0,0,0,0,0,0,0,0,0,0,0,0,0,0,0,0,0,0,0,0,0,0,0,0,0,0,0,15,179,271,343,374,456,509,560,641,676,723,771,795,815,843,861,877,889,897,901,902,903,905,909,911,914,917,919,921,923,924,923,923,923,923,923,923,924,925,921,919,917,914,909,904,894,879,852,796,729,660,542,430,334,247,11,0,0,0,0,0,0,0,0,0,0,0,0,0,0,0,0,0,0,0,0,0,0,0,0,0,0,0,0,0,0,0,0,0,0,0,0,0,0,0,0,0,0,0,ShakeHold
0,0,0,0,0,0,0,0,0,0,0,0,0,0,0,0,0,0,0,0,0,0,0,0,0,0,123,347,482,581,623,648,680,708,747,758,770,780,790,800,807,817,822,825,828,829,830,829,831,833,832,828,818,803,778,737,626,507,299,0,0,0,0,0,0,0,0,0,0,0,0,0,0,0,0,0,0,0,0,0,0,0,0,0,0,0,0,0,0,0,0,0,0,0,0,0,0,0,0,0,0,44,66,76,73,81,79,79,83,86,84,77,0,0,0,0,0,42,101,214,294,394,494,540,617,653,697,747,781,801,826,844,855,862,867,870,873,876,877,880,884,890,894,900,905,906,907,906,904,902,902,901,896,890,875,855,808,689,554,403,291,178,0,0,0,0,0,0,0,0,0,0,0,0,0,0,0,0,0,0,0,0,0,0,0,0,0,0,0,0,0,0,0,0,0,0,0,0,0,0,ShakeHold
0,0,0,0,0,0,0,0,0,0,123,347,482,581,623,648,680,708,747,758,770,780,790,800,807,817,822,825,828,829,830,829,831,833,832,828,818,803,778,737,626,507,299,0,0,0,0,0,0,0,0,0,0,0,0,0,0,0,0,0,0,0,0,0,0,0,0,0,0,0,0,0,0,0,0,0,0,0,0,0,0,0,0,0,0,0,0,0,0,0,0,0,0,0,0,0,0,0,0,0,0,42,101,214,294,394,494,540,617,653,697,747,781,801,826,844,855,862,867,870,873,876,877,880,884,890,894,900,905,906,907,906,904,902,902,901,896,890,875,855,808,689,554,403,291,178,0,0,0,0,0,0,0,0,0,0,0,0,0,0,0,0,0,0,0,0,0,0,0,0,0,0,0,0,0,0,0,0,0,0,0,0,0,0,0,0,0,0,0,0,0,0,0,0,0,0,0,0,0,0,ShakeHold
0,0,0,0,0,0,0,76,147,235,385,503,568,621,654,691,718,744,762,777,791,809,823,839,848,854,861,864,864,860,856,851,851,849,847,845,845,840,838,826,782,678,491,245,88,0,0,0,0,0,0,0,0,0,0,0,0,0,0,0,0,0,0,0,0,0,0,0,0,0,0,0,0,0,0,0,0,0,0,0,0,0,0,0,0,0,0,0,0,0,0,0,0,0,0,0,0,0,0,0,0,148,192,258,306,397,506,564,659,715,747,774,797,814,834,854,870,880,887,892,897,901,905,909,913,916,917,917,915,913,911,907,906,899,896,891,888,879,875,866,849,805,734,501,281,226,109,77,0,0,3,0,0,0,0,0,0,0,0,0,0,0,0,0,0,0,0,0,0,0,0,0,0,0,0,0,0,0,0,0,0,0,0,0,0,0,0,0,0,0,0,0,0,0,0,0,0,0,0,0,ShakeHold
0,0,0,0,0,0,0,0,0,0,143,296,403,522,599,558,686,715,738,756,769,780,790,800,805,809,814,817,817,818,819,823,812,803,799,792,782,765,746,712,693,639,616,521,461,328,22,0,0,0,0,0,0,0,0,0,0,0,0,0,0,0,0,0,0,0,0,0,0,0,0,0,0,0,0,0,0,0,0,0,0,0,0,0,0,0,0,0,0,0,0,0,0,0,0,0,0,0,0,0,0,1,122,220,338,369,459,555,626,655,712,759,787,811,832,847,860,871,878,882,888,891,896,900,902,904,907,907,909,911,910,910,910,910,909,909,906,899,894,886,871,860,842,806,775,731,663,558,465,350,282,159,17,0,0,0,0,0,0,0,0,0,0,0,0,0,0,0,0,0,0,0,0,0,0,0,0,0,0,0,0,0,0,0,0,0,0,0,0,0,0,0,0,0,0,0,0,0,0,0,ShakeHold
0,0,0,1,180,425,587,697,783,816,850,846,862,871,901,897,850,862,917,918,920,922,925,926,923,924,900,930,931,932,933,934,935,936,937,937,937,936,932,929,922,912,894,870,845,800,660,482,169,0,0,0,0,0,0,0,0,0,0,0,0,0,0,0,0,0,0,0,0,0,0,0,0,0,0,0,0,0,0,0,0,0,0,0,0,0,0,0,0,0,0,0,0,0,0,0,0,0,0,0,0,236,381,513,613,712,787,838,869,900,916,930,937,942,945,948,951,953,954,955,957,958,958,958,958,959,961,962,963,963,964,964,963,963,963,964,964,964,962,959,952,946,935,919,895,864,803,674,571,308,63,0,0,0,0,0,0,0,0,0,0,0,0,0,0,0,0,0,0,0,0,0,0,0,0,0,0,0,0,0,0,0,0,0,0,0,0,0,0,0,0,0,0,0,0,0,0,0,0,0,ShakeHold
0,0,0,0,0,0,0,0,0,0,0,0,0,120,197,249,326,344,345,355,370,430,488,576,621,655,685,701,699,699,702,715,738,758,762,780,779,784,785,775,774,775,754,749,733,696,629,344,72,0,0,0,0,0,0,0,0,0,0,0,0,0,0,0,0,0,0,0,0,0,0,0,0,0,0,0,0,0,0,0,0,0,0,0,0,0,0,0,0,0,0,0,0,0,0,0,0,0,0,0,0,28,64,159,254,413,495,537,611,644,663,681,688,691,693,738,763,789,813,838,850,855,857,861,861,862,865,870,875,881,883,886,887,886,884,887,893,898,904,906,907,905,901,893,885,876,864,825,712,661,479,323,82,0,0,0,0,0,0,0,0,0,0,0,0,0,0,0,0,0,0,0,0,0,0,0,0,0,0,0,0,0,0,0,0,0,0,0,0,0,0,0,0,0,0,0,0,0,0,0,ShakeHold
0,0,0,0,0,0,0,0,230,472,591,676,714,729,759,798,815,826,859,869,885,821,907,910,913,912,914,890,915,919,922,921,924,924,923,920,917,913,911,902,896,880,866,831,753,589,466,261,5,0,0,0,0,0,0,0,0,0,0,0,0,0,0,0,0,0,0,0,0,0,0,0,0,0,0,0,0,0,0,0,0,0,0,0,0,0,0,0,0,0,0,0,0,0,0,0,0,0,0,0,0,98,209,327,414,492,552,602,618,651,718,755,782,795,812,829,839,851,858,865,875,882,890,897,905,912,908,907,910,911,912,913,914,915,916,916,915,911,906,887,859,836,824,802,763,722,622,571,475,316,179,0,0,0,0,0,0,0,0,0,0,0,0,0,0,0,0,0,0,0,0,0,0,0,0,0,0,0,0,0,0,0,0,0,0,0,0,0,0,0,0,0,0,0,0,0,0,0,0,0,ShakeHold
0,0,0,109,189,361,467,586,621,642,687,744,768,750,734,826,839,854,867,875,879,882,877,888,896,908,908,903,902,907,916,913,907,903,897,882,860,826,760,677,418,284,0,0,0,0,0,0,0,0,0,0,0,0,0,0,0,0,0,0,0,0,0,0,0,0,0,0,0,0,0,0,0,0,0,0,0,0,0,0,0,0,0,0,0,0,0,0,0,0,0,0,0,0,0,0,0,0,0,0,0,199,401,500,670,743,772,800,842,868,891,902,917,919,919,923,928,932,938,943,943,944,947,950,953,953,954,955,956,956,956,955,953,951,947,941,934,922,886,842,744,638,498,250,39,0,0,0,0,0,0,0,0,0,0,0,0,0,0,0,0,0,0,0,0,0,0,0,0,0,0,0,0,0,0,0,0,0,0,0,0,0,0,0,0,0,0,0,0,0,0,0,0,0,0,0,0,0,0,0,ShakeHold
0,0,0,0,0,0,0,137,372,530,610,658,702,721,751,772,791,801,815,791,836,836,836,838,840,847,841,833,825,749,850,859,857,851,860,864,865,870,870,871,866,866,866,868,869,864,858,853,835,806,767,718,665,572,481,338,0,0,0,0,0,0,0,0,0,0,0,0,0,0,0,0,0,0,0,0,0,0,0,0,0,0,0,0,0,0,0,0,0,0,0,0,0,0,0,0,0,0,0,0,0,72,227,364,428,563,627,700,783,819,852,870,893,906,912,918,921,923,925,928,930,934,935,935,937,938,928,922,923,926,931,934,935,935,937,938,938,940,940,939,936,934,936,937,938,937,937,936,933,927,910,872,846,816,728,642,530,398,216,32,0,0,0,0,0,0,0,0,0,0,0,0,0,0,0,0,0,0,0,0,0,0,0,0,0,0,0,0,0,0,0,0,0,0,0,0,0,0,0,0,ShakeHold
0,0,0,0,221,529,689,751,785,811,806,815,828,839,852,833,832,899,909,924,889,925,888,911,909,917,875,868,863,850,856,866,921,905,909,906,886,860,840,812,763,684,609,419,0,0,0,0,0,0,0,0,0,0,0,0,0,0,0,0,0,0,0,0,0,0,0,0,0,0,0,0,0,0,0,0,0,0,0,0,0,0,0,0,0,0,0,0,0,0,0,0,0,0,0,0,0,0,0,0,0,201,421,526,641,760,804,846,868,881,896,908,920,931,936,941,943,946,948,948,950,951,953,953,953,954,954,954,953,953,954,954,946,940,938,935,921,895,875,861,846,811,739,652,522,384,244,0,0,0,0,0,0,0,0,0,0,0,0,0,0,0,0,0,0,0,0,0,0,0,0,0,0,0,0,0,0,0,0,0,0,0,0,0,0,0,0,0,0,0,0,0,0,0,0,0,0,0,0,0,ShakeHold
0,0,0,0,0,0,0,0,162,312,375,404,460,502,532,553,570,589,621,624,636,650,660,667,640,648,616,687,687,685,684,684,679,665,691,685,672,646,631,618,601,571,556,537,519,460,467,401,386,336,269,195,49,0,0,0,0,0,0,0,0,0,0,0,0,0,0,0,0,0,0,0,0,0,0,0,0,0,0,0,0,0,0,0,0,0,0,0,0,0,0,0,0,0,0,0,0,0,0,0,0,46,220,340,392,489,557,607,667,738,767,785,797,807,816,829,843,846,851,849,846,848,850,855,859,863,864,866,867,869,869,867,866,865,864,864,866,860,854,839,830,826,819,823,821,807,783,756,720,691,673,623,614,588,523,395,352,331,206,161,0,0,0,0,0,0,0,0,0,0,0,0,0,0,0,0,0,0,0,0,0,0,0,0,0,0,0,0,0,0,0,0,0,0,0,0,0,0,0,0,ShakeHold
0,0,0,0,0,0,0,0,0,0,0,0,78,171,291,358,397,436,448,468,490,507,494,481,476,477,512,548,581,597,614,624,598,635,600,608,621,636,648,655,661,665,672,659,619,609,575,569,533,390,254,0,0,0,0,0,0,0,0,0,0,0,0,0,0,0,0,0,0,0,0,0,0,0,0,0,0,0,0,0,0,0,0,0,0,0,0,0,0,0,0,0,0,0,0,0,0,0,0,0,0,34,201,358,497,628,647,671,681,695,699,701,706,730,749,765,776,790,795,808,814,813,787,768,765,768,783,802,807,808,808,817,832,836,834,831,828,835,842,843,844,847,846,846,840,826,817,798,741,664,610,504,378,202,0,0,0,0,0,0,0,0,0,0,0,0,0,0,0,0,0,0,0,0,0,0,0,0,0,0,0,0,0,0,0,0,0,0,0,0,0,0,0,0,0,0,0,0,0,0,ShakeHold
0,0,0,0,0,0,0,0,0,0,30,136,279,337,395,427,446,471,490,502,523,556,576,603,629,640,670,701,717,732,749,749,754,764,777,779,780,783,788,782,747,727,730,752,764,755,715,616,432,222,0,0,0,0,0,0,0,0,0,0,0,0,0,0,0,0,0,0,0,0,0,0,0,0,0,0,0,0,0,0,0,0,0,0,0,0,0,0,0,0,0,0,0,0,0,0,0,0,0,0,0,129,244,360,433,459,532,602,635,666,687,692,706,699,693,702,720,737,750,755,746,756,767,779,788,792,805,816,823,830,843,849,854,856,859,856,856,860,866,869,860,855,854,847,842,823,784,753,676,578,423,288,151,0,0,0,0,0,0,0,0,0,0,0,0,0,0,0,0,0,0,0,0,0,0,0,0,0,0,0,0,0,0,0,0,0,0,0,0,0,0,0,0,0,0,0,0,0,0,0,ShakeHold
0,0,0,0,0,0,0,0,61,205,312,445,480,471,506,519,542,595,612,607,535,663,679,698,715,744,760,765,773,782,794,802,807,817,820,820,820,818,813,809,809,816,803,766,735,712,669,636,630,602,533,415,327,126,0,0,0,0,0,0,0,0,0,0,0,0,0,0,0,0,0,0,0,0,0,0,0,0,0,0,0,0,0,0,0,0,0,0,0,0,0,0,0,0,0,0,0,0,0,0,0,162,272,476,640,675,707,724,751,773,782,791,801,812,826,833,843,851,856,855,857,861,866,874,884,892,897,902,907,910,912,913,914,915,916,915,914,914,911,911,910,910,904,895,885,877,872,869,858,831,794,718,553,486,454,381,364,332,248,0,0,0,0,0,0,0,0,0,0,0,0,0,0,0,0,0,0,0,0,0,0,0,0,0,0,0,0,0,0,0,0,0,0,0,0,0,0,0,0,0,ShakeHold
0,0,0,0,212,278,352,432,521,573,590,648,725,687,729,770,766,757,770,795,768,816,819,816,795,850,849,856,824,836,853,857,858,857,858,865,868,876,874,874,875,829,853,847,835,833,828,827,809,795,757,704,574,403,200,92,0,0,0,0,0,0,0,0,0,0,0,0,0,0,0,0,0,0,0,0,0,0,0,0,0,0,0,0,0,0,0,0,0,0,0,0,0,0,0,0,0,0,0,0,0,183,339,453,508,550,577,605,673,727,773,826,845,856,875,881,889,899,905,910,913,914,917,917,918,918,920,921,922,922,921,919,918,919,921,923,925,925,924,924,925,923,921,916,913,908,901,892,887,880,867,838,792,754,652,479,362,89,0,0,0,0,0,0,0,0,0,0,0,0,0,0,0,0,0,0,0,0,0,0,0,0,0,0,0,0,0,0,0,0,0,0,0,0,0,0,0,0,0,0,ShakeHold
0,0,0,0,0,97,356,523,571,631,697,719,775,759,803,823,842,861,852,810,871,874,880,883,882,884,882,837,803,864,870,872,872,856,846,814,881,894,893,892,891,888,872,857,830,802,795,754,672,581,452,33,0,0,0,0,0,0,0,0,0,0,0,0,0,0,0,0,0,0,0,0,0,0,0,0,0,0,0,0,0,0,0,0,0,0,0,0,0,0,0,0,0,0,0,0,0,0,0,0,0,146,281,315,407,546,598,631,699,734,771,794,817,836,845,854,871,889,895,900,902,906,909,912,913,917,918,920,921,922,924,924,925,925,924,925,924,923,922,921,919,913,899,877,858,825,786,711,647,612,494,399,334,246,153,71,0,0,0,0,0,0,0,0,0,0,0,0,0,0,0,0,0,0,0,0,0,0,0,0,0,0,0,0,0,0,0,0,0,0,0,0,0,0,0,0,0,0,0,0,ShakeHold
0,0,0,0,0,0,0,0,0,0,0,0,0,0,0,43,85,127,139,182,237,289,266,179,134,85,91,90,96,137,202,210,241,271,238,198,185,211,214,249,263,243,269,229,156,127,102,79,0,0,0,0,0,0,0,0,0,0,0,0,0,0,0,0,0,0,0,0,0,0,0,0,0,0,0,0,0,0,0,0,0,0,0,0,0,0,0,0,0,0,0,0,0,0,0,0,0,0,0,0,0,21,128,228,275,382,446,496,536,575,603,625,642,671,703,730,752,768,778,785,788,787,787,787,788,789,793,793,795,800,804,804,797,795,793,794,799,801,799,799,802,797,786,781,780,775,772,760,738,680,601,531,490,375,267,169,0,0,0,0,0,0,0,0,0,0,0,0,0,0,0,0,0,0,0,0,0,0,0,0,0,0,0,0,0,0,0,0,0,0,0,0,0,0,0,0,0,0,0,0,ShakeHold
0,82,153,215,290,356,392,478,502,508,541,548,539,569,571,577,579,583,592,606,621,637,648,644,644,647,650,655,658,665,679,699,705,711,714,716,715,715,715,713,698,691,675,652,643,634,623,611,588,542,466,423,248,89,0,0,0,0,0,0,0,0,0,0,0,0,0,0,0,0,0,0,0,0,0,0,0,0,0,0,0,0,0,0,0,0,0,0,0,0,0,0,0,0,0,0,0,0,0,0,0,0,0,0,0,85,185,209,290,325,366,385,414,423,424,435,460,473,477,496,517,546,564,588,588,593,606,605,613,618,631,640,650,656,660,664,665,662,652,646,624,608,598,590,562,530,514,493,453,416,411,317,295,213,116,0,0,0,0,0,0,0,0,0,0,0,0,0,0,0,0,0,0,0,0,0,0,0,0,0,0,0,0,0,0,0,0,0,0,0,0,0,0,0,0,0,0,0,0,0,ShakeHold
0,0,0,0,0,0,0,213,446,586,670,713,729,784,799,812,801,892,859,910,914,905,919,921,924,932,930,916,904,924,928,930,847,908,933,930,931,931,924,849,927,926,922,920,923,922,920,914,897,883,858,820,763,652,522,303,0,0,0,0,0,0,0,0,0,0,0,0,0,0,0,0,0,0,0,0,0,0,0,0,0,0,0,0,0,0,0,0,0,0,0,0,0,0,0,0,0,0,0,0,0,27,233,265,368,505,573,678,737,775,827,863,883,897,910,917,923,928,933,936,940,943,946,947,948,949,949,949,949,948,948,948,948,948,948,949,950,950,950,949,949,948,947,946,945,945,944,938,927,910,894,873,839,798,735,619,461,289,140,0,0,0,0,0,0,0,0,0,0,0,0,0,0,0,0,0,0,0,0,0,0,0,0,0,0,0,0,0,0,0,0,0,0,0,0,0,0,0,0,0,ShakeHold
0,97,206,269,360,398,449,457,460,519,541,568,589,582,591,584,584,564,527,501,527,526,521,522,524,532,540,554,566,574,581,589,593,593,595,594,593,597,590,593,598,592,582,578,566,532,473,423,357,267,155,0,0,0,0,0,0,0,0,0,0,0,0,0,0,0,0,0,0,0,0,0,0,0,0,0,0,0,0,0,0,0,0,0,0,0,0,0,0,0,0,0,0,0,0,0,0,0,0,0,0,0,0,99,186,207,268,314,333,336,351,387,444,459,475,474,492,501,501,508,505,510,500,484,484,491,519,535,544,553,560,560,563,563,563,567,564,545,546,549,557,563,561,545,530,469,392,362,307,181,163,84,0,0,0,0,0,0,0,0,0,0,0,0,0,0,0,0,0,0,0,0,0,0,0,0,0,0,0,0,0,0,0,0,0,0,0,0,0,0,0,0,0,0,0,0,0,0,0,0,ShakeHold
0,116,247,307,350,430,452,543,593,619,636,662,701,717,729,737,745,739,695,694,733,740,747,750,752,763,755,757,746,735,750,724,763,763,755,788,789,803,805,783,809,827,825,825,829,822,823,824,817,791,779,746,677,548,482,352,180,0,0,0,0,0,0,0,0,0,0,0,0,0,0,0,0,0,0,0,0,0,0,0,0,0,0,0,0,0,0,0,0,0,0,0,0,0,0,0,0,0,0,0,0,0,0,31,76,236,341,384,414,431,449,480,514,527,555,588,616,628,635,634,647,663,661,671,680,681,691,705,714,716,717,721,722,720,720,745,762,780,785,794,800,807,812,816,814,808,803,801,790,758,697,614,521,382,344,283,157,0,0,0,0,0,0,0,0,0,0,0,0,0,0,0,0,0,0,0,0,0,0,0,0,0,0,0,0,0,0,0,0,0,0,0,0,0,0,0,0,0,0,0,ShakeHold
0,0,0,0,0,0,0,0,0,170,272,362,440,521,616,724,813,867,896,916,929,936,941,945,948,951,952,953,953,953,953,954,953,952,951,949,948,946,943,940,936,930,926,921,910,878,795,664,332,0,0,0,0,0,0,0,0,0,0,0,0,0,0,0,0,0,0,0,0,0,0,0,0,0,0,0,0,0,0,0,0,0,0,0,0,0,0,0,0,0,0,0,0,0,0,0,0,0,0,0,0,15,95,135,202,273,313,309,371,433,476,540,579,671,760,840,892,921,936,947,954,959,962,964,966,966,967,968,968,967,968,968,967,967,966,966,965,964,963,960,958,955,953,950,944,932,911,842,734,554,339,156,0,0,0,0,0,0,0,0,0,0,0,0,0,0,0,0,0,0,0,0,0,0,0,0,0,0,0,0,0,0,0,0,0,0,0,0,0,0,0,0,0,0,0,0,0,0,0,0,ShakeHold
0,0,0,63,186,321,388,520,629,693,760,817,857,885,909,923,928,932,935,937,943,946,948,949,949,950,951,951,952,950,946,942,929,892,787,547,0,0,0,0,0,0,0,0,0,0,0,0,0,0,0,0,0,0,0,0,0,0,0,0,0,0,0,0,0,0,0,0,0,0,0,0,0,0,0,0,0,0,0,0,0,0,0,0,0,0,0,0,0,0,0,0,0,0,0,0,0,0,0,0,0,136,295,320,399,448,508,570,623,680,755,808,860,899,918,930,937,942,944,948,951,954,956,959,960,960,960,960,959,957,956,951,939,923,852,745,532,232,95,0,0,0,0,0,0,0,0,0,0,0,0,0,0,0,0,0,0,0,0,0,0,0,0,0,0,0,0,0,0,0,0,0,0,0,0,0,0,0,0,0,0,0,0,0,0,0,0,0,0,0,0,0,0,0,0,0,0,0,0,0,ShakeHold
0,0,0,0,0,0,0,0,0,0,0,262,468,587,679,740,789,828,852,863,884,892,900,907,915,920,919,917,933,937,939,940,940,936,930,907,915,887,923,911,886,907,887,911,906,890,885,884,901,900,886,890,887,884,880,873,868,852,851,849,850,858,842,812,776,741,651,521,80,0,0,0,0,0,0,0,0,0,0,0,0,0,0,0,0,0,0,0,0,0,0,0,0,0,0,0,0,0,0,0,0,60,130,194,212,238,300,343,376,406,435,502,552,591,648,708,728,747,784,804,823,837,850,859,867,875,883,892,898,902,905,907,911,915,917,916,915,912,907,899,887,875,861,846,842,841,843,854,859,859,850,831,830,833,835,833,827,814,806,811,812,803,797,787,773,736,697,627,504,386,280,165,0,0,0,0,0,0,0,0,0,0,0,0,0,0,0,0,0,0,0,0,0,0,0,0,0,0,0,0,ShakeHold
0,0,0,0,0,0,0,0,0,0,182,390,541,623,710,753,791,828,850,866,880,891,898,903,849,882,852,857,865,910,916,920,920,919,919,920,874,914,932,931,930,927,923,921,921,920,918,915,911,906,899,882,859,808,672,421,0,0,0,0,0,0,0,0,0,0,0,0,0,0,0,0,0,0,0,0,0,0,0,0,0,0,0,0,0,0,0,0,0,0,0,0,0,0,0,0,0,0,0,0,0,108,236,375,435,495,534,587,621,646,648,669,709,745,775,800,822,851,868,879,886,889,893,900,907,913,917,922,926,927,927,926,925,924,927,928,930,930,928,923,919,916,914,912,910,910,907,903,899,894,889,880,857,825,768,685,616,550,373,77,0,0,0,0,0,0,0,0,0,0,0,0,0,0,0,0,0,0,0,0,0,0,0,0,0,0,0,0,0,0,0,0,0,0,0,0,0,0,0,0,ShakeHold
0,0,0,0,0,0,0,0,0,216,468,555,617,690,723,775,786,804,817,813,875,883,891,860,912,892,897,846,852,856,893,926,925,927,892,916,921,909,906,826,884,886,886,880,887,892,876,876,854,864,865,864,861,859,854,849,842,828,770,721,589,434,0,0,0,0,0,0,0,0,0,0,0,0,0,0,0,0,0,0,0,0,0,0,0,0,0,0,0,0,0,0,0,0,0,0,0,0,0,0,0,135,365,454,533,562,610,657,695,739,787,820,849,871,888,901,911,920,927,935,941,944,948,949,950,952,952,953,953,954,954,954,954,955,955,956,956,956,955,955,956,955,956,957,957,958,957,957,957,958,958,957,957,955,953,950,945,934,919,894,842,740,526,343,94,0,0,0,0,0,0,0,0,0,0,0,0,0,0,0,0,0,0,0,0,0,0,0,0,0,0,0,0,0,0,0,0,0,0,0,ShakeHold
0,0,0,265,522,640,742,795,836,862,875,886,895,905,914,920,924,929,932,935,926,936,938,939,939,939,939,938,938,937,939,939,939,940,940,939,938,938,938,938,937,936,934,932,927,924,922,917,912,902,884,830,713,489,142,0,0,0,0,0,0,0,0,0,0,0,0,0,0,0,0,0,0,0,0,0,0,0,0,0,0,0,0,0,0,0,0,0,0,0,0,0,0,0,0,0,0,0,0,0,0,294,480,620,691,760,803,854,888,906,917,924,930,933,938,942,945,948,950,951,952,953,954,955,956,958,958,958,955,954,954,955,954,954,954,955,955,955,954,954,955,955,954,954,953,949,947,945,943,939,927,887,795,703,572,372,166,0,0,0,0,0,0,0,0,0,0,0,0,0,0,0,0,0,0,0,0,0,0,0,0,0,0,0,0,0,0,0,0,0,0,0,0,0,0,0,0,0,0,0,ShakeHold
0,0,0,32,98,158,208,284,380,510,629,712,778,826,864,883,896,905,915,922,926,928,929,929,930,931,932,933,933,933,934,933,932,931,933,935,934,933,933,935,935,935,931,927,925,925,928,929,930,930,927,922,914,897,883,871,845,796,693,480,59,0,0,0,0,0,0,0,0,0,0,0,0,0,0,0,0,0,0,0,0,0,0,0,0,0,0,0,0,0,0,0,0,0,0,0,0,0,0,0,0,131,260,321,342,362,442,530,580,684,735,809,850,877,901,919,928,933,937,939,942,943,944,945,945,946,947,947,947,946,946,946,947,947,948,949,949,949,949,950,948,948,947,944,943,943,945,946,947,947,945,943,939,930,925,919,903,883,837,736,604,442,320,283,175,0,0,0,0,0,0,0,0,0,0,0,0,0,0,0,0,0,0,0,0,0,0,0,0,0,0,0,0,0,0,0,0,0,0,0,ShakeHold
0,39,140,203,302,435,542,612,705,749,787,808,821,830,838,843,784,796,860,861,867,869,868,869,867,864,862,862,867,866,866,863,862,863,861,856,849,857,805,858,834,841,846,836,823,797,767,721,514,243,0,0,0,0,0,0,0,0,0,0,0,0,0,0,0,0,0,0,0,0,0,0,0,0,0,0,0,0,0,0,0,0,0,0,0,0,0,0,0,0,0,0,0,0,0,0,0,0,0,0,0,80,269,373,506,531,631,701,746,767,792,812,829,842,852,856,855,858,852,851,850,854,855,860,862,863,864,863,856,854,855,859,860,856,852,854,856,861,864,863,862,854,850,843,823,807,784,737,658,513,345,69,0,0,0,0,0,0,0,0,0,0,0,0,0,0,0,0,0,0,0,0,0,0,0,0,0,0,0,0,0,0,0,0,0,0,0,0,0,0,0,0,0,0,0,0,0,0,0,0,ShakeHold
0,0,0,0,0,0,205,303,455,524,615,722,757,771,783,815,835,844,847,874,839,837,825,879,829,803,829,793,827,854,812,898,899,904,905,899,860,851,865,851,847,895,904,904,894,902,896,824,863,844,845,843,866,852,816,748,639,450,196,0,0,0,0,0,0,0,0,0,0,0,0,0,0,0,0,0,0,0,0,0,0,0,0,0,0,0,0,0,0,0,0,0,0,0,0,0,0,0,0,0,0,158,436,595,670,751,764,787,804,821,833,839,844,855,866,875,882,885,891,893,895,899,901,903,904,901,902,904,909,912,914,915,916,916,915,916,918,919,917,916,915,913,913,915,913,914,910,909,903,898,895,889,883,866,836,826,761,682,506,176,0,72,0,0,0,0,0,0,0,0,0,0,0,0,0,0,0,0,0,0,0,0,0,0,0,0,0,0,0,0,0,0,0,0,0,0,0,0,0,0,ShakeHold
0,0,0,0,127,314,542,602,703,735,783,807,831,855,869,879,885,888,888,889,889,890,892,894,897,898,873,877,886,886,885,884,873,875,877,874,864,870,895,889,884,881,881,885,888,890,893,890,889,887,884,882,882,881,877,871,827,782,823,794,704,590,521,317,0,0,0,0,0,0,0,0,0,0,0,0,0,0,0,0,0,0,0,0,0,0,0,0,0,0,0,0,0,0,0,0,0,0,0,0,0,319,488,596,667,728,771,800,827,843,856,870,879,893,903,914,923,927,930,930,931,931,931,931,932,933,936,937,937,937,936,936,936,935,936,936,937,937,937,936,934,933,933,933,933,932,932,932,932,933,931,926,925,921,917,909,899,889,878,866,846,814,764,658,547,315,84,0,0,0,0,0,0,0,0,0,0,0,0,0,0,0,0,0,0,0,0,0,0,0,0,0,0,0,0,0,0,0,0,0,ShakeHold
0,0,0,0,0,0,0,0,0,8,265,459,592,681,745,794,831,855,764,837,776,880,888,825,894,896,904,908,882,877,876,857,884,905,901,928,930,929,929,925,923,921,920,919,909,904,876,879,878,881,885,885,885,879,860,864,855,800,719,540,176,0,0,0,0,0,0,0,0,0,0,0,0,0,0,0,0,0,0,0,0,0,0,0,0,0,0,0,0,0,0,0,0,0,0,0,0,0,0,0,0,176,262,333,359,426,469,513,556,622,675,723,768,796,827,859,873,889,896,899,904,906,909,909,916,919,923,925,928,930,932,932,933,934,934,934,935,935,936,936,936,936,934,930,916,906,903,908,913,919,921,922,919,904,890,870,849,826,773,679,541,430,0,119,0,0,0,0,0,0,0,0,0,0,0,0,0,0,0,0,0,0,0,0,0,0,0,0,0,0,0,0,0,0,0,0,0,0,0,0,ShakeHold
0,0,0,0,0,0,67,131,201,349,462,559,620,674,709,734,753,775,799,813,824,831,841,845,849,845,845,849,847,841,844,850,858,862,861,861,858,857,856,852,841,839,842,843,836,802,751,618,404,69,0,0,0,0,0,0,0,0,0,0,0,0,0,0,0,0,0,0,0,0,0,0,0,0,0,0,0,0,0,0,0,0,0,0,0,0,0,0,0,0,0,0,0,0,0,0,0,0,0,0,0,47,78,181,381,441,526,570,586,632,728,771,805,813,814,820,823,827,835,843,852,866,878,886,888,889,887,881,876,868,870,877,890,893,892,887,879,872,869,865,861,862,863,862,860,846,821,786,648,520,231,0,0,0,0,0,0,0,0,0,0,0,0,0,0,0,0,0,0,0,0,0,0,0,0,0,0,0,0,0,0,0,0,0,0,0,0,0,0,0,0,0,0,0,0,0,0,0,0,0,ShakeHold
0,0,0,0,0,0,0,0,0,146,468,612,713,774,813,839,855,867,875,883,890,895,897,900,900,902,904,904,903,904,905,905,905,902,901,901,900,895,890,885,884,880,871,856,814,710,526,0,0,0,0,0,0,0,0,0,0,0,0,0,0,0,0,0,0,0,0,0,0,0,0,0,0,0,0,0,0,0,0,0,0,0,0,0,0,0,0,0,0,0,0,0,0,0,0,0,0,0,0,0,0,105,164,221,282,346,428,524,632,674,705,778,831,864,886,899,909,917,925,935,941,939,938,936,936,938,942,944,945,947,948,947,941,938,938,940,945,945,940,937,937,933,922,913,888,841,740,677,591,464,357,286,147,0,0,0,0,0,0,0,0,0,0,0,0,0,0,0,0,0,0,0,0,0,0,0,0,0,0,0,0,0,0,0,0,0,0,0,0,0,0,0,0,0,0,0,0,0,0,0,ShakeHold
0,0,0,0,67,124,173,256,358,376,399,400,433,464,491,518,554,556,555,560,565,592,602,614,621,623,621,604,599,598,602,593,591,607,619,641,657,680,712,743,760,767,756,760,755,743,717,665,617,586,528,401,286,63,0,0,0,0,0,0,0,0,0,0,0,0,0,0,0,0,0,0,0,0,0,0,0,0,0,0,0,0,0,0,0,0,0,0,0,0,0,0,0,0,0,0,0,0,0,0,0,239,349,388,436,523,565,629,668,681,694,705,726,739,743,740,729,734,738,741,744,734,744,761,766,761,746,737,738,739,743,741,745,745,750,752,751,753,766,787,807,820,834,844,842,825,778,747,745,741,742,721,674,613,491,439,314,140,0,0,0,0,0,0,0,0,0,0,0,0,0,0,0,0,0,0,0,0,0,0,0,0,0,0,0,0,0,0,0,0,0,0,0,0,0,0,0,0,0,0,ShakeHold
0,0,0,0,148,317,399,487,573,639,687,747,790,816,829,847,862,875,886,894,898,901,903,906,909,910,879,907,915,845,853,892,907,908,911,910,920,908,908,907,902,894,888,879,863,840,800,700,480,35,0,0,0,0,0,0,0,0,0,0,0,0,0,0,0,0,0,0,0,0,0,0,0,0,0,0,0,0,0,0,0,0,0,0,0,0,0,0,0,0,0,0,0,0,0,0,0,0,0,0,0,137,206,262,454,572,609,641,701,738,785,824,849,872,883,891,899,905,910,916,920,923,925,927,928,929,930,932,934,935,936,937,936,937,937,935,932,931,932,931,930,925,921,915,900,873,845,780,597,486,268,36,0,0,0,0,0,0,0,0,0,0,0,0,0,0,0,0,0,0,0,0,0,0,0,0,0,0,0,0,0,0,0,0,0,0,0,0,0,0,0,0,0,0,0,0,0,0,0,0,ShakeHold
0,34,43,194,304,328,405,464,501,545,570,589,605,620,656,686,695,698,705,708,721,727,724,724,734,742,747,756,773,785,803,817,827,839,851,857,859,853,856,859,858,853,832,773,684,545,490,359,180,0,0,0,0,0,0,0,0,0,0,0,0,0,0,0,0,0,0,0,0,0,0,0,0,0,0,0,0,0,0,0,0,0,0,0,0,0,0,0,0,0,0,0,0,0,0,0,0,0,0,0,0,105,200,254,321,368,441,484,507,538,566,577,594,619,647,668,678,682,687,689,699,709,709,711,715,722,724,731,747,760,773,788,802,815,826,832,832,830,830,831,831,830,810,760,682,570,480,471,370,290,0,0,0,0,0,0,0,0,0,0,0,0,0,0,0,0,0,0,0,0,0,0,0,0,0,0,0,0,0,0,0,0,0,0,0,0,0,0,0,0,0,0,0,0,0,0,0,0,0,0,ShakeHold
0,0,0,0,0,0,0,64,125,330,446,524,583,626,664,705,732,755,770,781,784,786,783,785,797,817,831,834,838,843,843,842,830,835,841,853,862,867,870,870,865,858,862,866,868,872,877,877,870,833,798,770,748,703,646,520,248,0,0,0,0,0,0,0,0,0,0,0,0,0,0,0,0,0,0,0,0,0,0,0,0,0,0,0,0,0,0,0,0,0,0,0,0,0,0,0,0,0,0,0,0,3,76,180,340,451,536,614,672,716,757,784,819,835,849,861,868,875,882,887,889,894,896,900,905,909,914,917,918,920,922,921,919,918,921,922,928,931,933,931,927,924,925,929,934,938,939,937,929,924,906,897,887,866,823,774,688,551,429,301,150,0,0,0,0,0,0,0,0,0,0,0,0,0,0,0,0,0,0,0,0,0,0,0,0,0,0,0,0,0,0,0,0,0,0,0,0,0,0,0,ShakeHold
0,0,0,0,99,177,248,317,329,339,370,440,463,471,499,511,536,583,627,658,683,696,703,710,717,723,730,732,740,746,753,756,756,753,754,758,761,767,768,768,768,766,761,748,722,665,624,570,497,367,220,34,0,0,0,0,0,0,0,0,0,0,0,0,0,0,0,0,0,0,0,0,0,0,0,0,0,0,0,0,0,0,0,0,0,0,0,0,0,0,0,0,0,0,0,0,0,0,0,0,0,193,265,373,398,459,467,472,481,520,578,622,680,725,754,763,769,774,781,775,777,787,789,794,800,804,806,807,795,787,787,789,795,799,807,813,813,814,807,803,804,807,811,813,806,794,781,764,691,611,554,499,408,303,174,0,0,0,0,0,0,0,0,0,0,0,0,0,0,0,0,0,0,0,0,0,0,0,0,0,0,0,0,0,0,0,0,0,0,0,0,0,0,0,0,0,0,0,0,0,ShakeHold
0,0,0,0,0,0,0,0,174,360,520,618,671,717,766,799,818,832,853,873,890,907,912,919,922,925,928,928,930,926,916,917,916,931,883,883,867,927,928,928,930,930,931,933,937,935,933,929,923,916,905,879,853,811,679,298,0,0,0,0,0,0,0,0,0,0,0,0,0,0,0,0,0,0,0,0,0,0,0,0,0,0,0,0,0,0,0,0,0,0,0,0,0,0,0,0,0,0,0,0,0,71,150,183,204,248,319,404,466,509,568,602,630,656,680,740,777,797,819,835,851,860,869,876,882,891,900,905,910,914,915,914,913,915,916,918,920,921,921,921,921,918,917,917,917,916,912,902,883,861,838,804,751,673,590,377,144,0,0,0,0,0,0,0,0,0,0,0,0,0,0,0,0,0,0,0,0,0,0,0,0,0,0,0,0,0,0,0,0,0,0,0,0,0,0,0,0,0,0,0,ShakeHold
0,0,105,218,269,399,517,665,762,0,0,883,899,910,918,924,930,937,941,945,948,950,951,952,953,954,955,956,954,1,6,0,0,0,3,2,0,0,0,0,0,0,0,0,0,1,0,0,0,0,0,0,0,0,0,0,0,0,0,0,0,0,0,0,0,0,0,0,0,0,0,0,0,0,0,0,0,0,0,0,0,0,0,0,0,0,0,0,0,0,0,0,0,0,0,0,0,0,0,0,0,14,155,249,297,387,545,661,772,814,851,880,900,914,922,927,931,936,940,944,946,948,948,949,951,953,954,955,955,954,953,952,952,952,952,951,950,948,946,942,935,924,899,871,821,665,449,239,115,0,0,0,0,0,0,0,0,0,0,0,0,0,0,0,0,0,0,0,0,0,0,0,0,0,0,0,0,0,0,0,0,0,0,0,0,0,0,0,0,0,0,0,0,0,0,0,0,0,0,0,ShakeHold
0,0,0,0,0,0,0,0,0,0,0,0,0,0,1,0,3,568,631,610,0,0,0,0,0,0,0,0,0,0,0,0,0,0,0,0,0,0,0,0,0,0,0,0,0,0,0,0,0,0,0,0,0,0,0,0,0,0,0,0,0,0,0,0,0,0,0,0,0,0,0,0,0,0,0,0,0,0,0,0,0,0,0,0,0,0,0,0,0,0,0,0,0,0,0,0,0,0,0,0,0,50,192,274,374,396,410,481,537,621,665,698,754,788,821,846,861,875,883,895,902,909,913,918,923,928,933,937,940,943,945,947,948,950,950,951,952,953,954,955,955,955,955,954,953,951,950,949,947,942,934,927,908,871,837,779,667,561,449,336,154,0,0,0,0,0,0,0,0,0,0,0,0,0,0,0,0,0,0,0,0,0,0,0,0,0,0,0,0,0,0,0,0,0,0,0,0,0,0,0,ShakeHold
0,0,0,0,0,0,124,213,315,571,716,790,834,871,899,915,924,932,940,947,951,955,958,960,963,964,966,968,970,971,972,972,972,972,972,973,973,973,974,973,973,0,0,0,0,0,0,0,0,0,0,0,0,0,0,0,0,0,0,0,0,0,0,0,0,0,0,0,0,0,0,0,0,0,0,0,0,0,0,0,0,0,0,0,0,0,0,0,0,0,0,0,0,0,0,0,0,0,0,0,0,71,153,204,268,464,580,657,701,779,857,889,902,916,929,939,944,949,955,961,964,965,966,967,969,971,973,974,976,977,977,978,978,979,979,980,980,980,980,980,980,979,979,978,977,976,974,969,962,948,930,902,841,714,414,0,0,0,0,0,0,0,0,0,0,0,0,0,0,0,0,0,0,0,0,0,0,0,0,0,0,0,0,0,0,0,0,0,0,0,0,0,0,0,0,0,0,0,0,0,ShakeHold
0,0,0,34,111,254,357,446,571,636,704,743,763,787,806,824,839,853,864,869,873,879,884,889,891,890,892,894,894,896,901,907,913,919,925,929,934,936,938,941,941,942,943,942,941,940,938,936,933,927,0,0,0,0,0,0,0,0,0,0,0,0,0,0,0,0,0,0,0,0,0,0,0,0,0,0,0,0,0,0,0,0,0,0,0,0,0,0,0,0,0,0,0,0,0,0,0,0,0,0,0,106,251,403,491,563,627,662,696,741,765,773,779,787,806,830,852,869,878,885,887,890,891,891,890,888,886,884,885,886,892,899,909,921,927,933,936,938,941,943,944,944,941,939,938,937,934,928,924,923,921,923,924,927,926,924,923,920,915,902,864,796,729,644,468,277,27,0,0,0,0,0,0,0,0,0,0,0,0,0,0,0,0,0,0,0,0,0,0,0,0,0,0,0,0,0,0,0,0,0,ShakeHold
0,0,0,0,213,369,502,631,704,739,781,807,824,839,848,856,861,869,876,884,889,890,898,903,907,909,910,912,914,915,917,918,920,924,926,927,929,929,929,928,926,925,922,917,908,900,885,859,781,697,542,332,0,0,0,0,0,0,0,0,0,0,0,0,0,0,0,0,0,0,0,0,0,0,0,0,0,0,0,0,0,0,0,0,0,0,0,0,0,0,0,0,0,0,0,0,0,0,0,0,0,132,376,472,564,638,735,755,788,830,857,873,880,887,893,900,908,915,920,923,926,927,929,932,936,937,938,939,940,940,942,944,945,947,947,947,948,949,949,949,948,947,946,944,940,933,919,900,864,817,764,688,564,514,354,195,0,0,0,0,0,0,0,0,0,0,0,0,0,0,0,0,0,0,0,0,0,0,0,0,0,0,0,0,0,0,0,0,0,0,0,0,0,0,0,0,0,0,0,0,ShakeHold
0,0,0,0,0,0,0,34,257,406,435,442,503,551,612,656,691,726,749,750,754,771,787,796,815,827,837,842,845,851,852,0,859,858,863,864,867,869,870,0,0,0,0,0,0,0,0,0,728,655,546,469,368,204,0,0,0,0,0,0,0,0,0,0,0,0,0,0,0,0,0,0,0,0,0,0,0,0,0,0,0,0,0,0,0,0,0,0,0,0,0,0,0,0,0,0,0,0,0,0,0,43,210,354,405,426,480,474,560,642,703,747,782,814,837,855,871,878,881,882,884,886,890,893,898,903,908,911,914,917,918,918,918,919,921,923,924,926,927,928,928,927,923,919,914,909,906,894,879,868,854,822,765,728,665,574,489,439,262,0,0,0,0,0,0,0,0,0,0,0,0,0,0,0,0,0,0,0,0,0,0,0,0,0,0,0,0,0,0,0,0,0,0,0,0,0,0,0,0,0,ShakeHold
0,0,0,0,0,0,0,23,371,520,624,0,0,0,0,0,0,0,0,0,0,0,0,0,0,0,0,0,0,0,0,0,0,0,0,0,0,0,0,0,0,0,0,0,0,0,0,0,0,0,0,0,0,0,0,0,0,0,0,0,0,0,0,0,0,0,0,0,0,0,0,0,0,0,0,0,0,0,0,0,0,0,0,0,0,0,0,0,0,0,0,0,0,0,0,0,0,0,0,0,0,64,241,289,445,505,537,577,627,713,786,835,866,890,912,926,932,942,949,954,957,959,960,962,964,966,966,967,967,966,966,966,967,967,966,965,964,962,961,957,945,933,914,882,831,701,572,293,0,0,0,0,0,0,0,0,0,0,0,0,0,0,0,0,0,0,0,0,0,0,0,0,0,0,0,0,0,0,0,0,0,0,0,0,0,0,0,0,0,0,0,0,0,0,0,0,0,0,0,0,ShakeHold
0,0,0,0,0,0,0,0,0,0,0,0,0,0,0,0,0,0,0,0,829,0,0,0,0,0,0,0,0,0,0,0,0,0,0,0,0,0,0,0,0,924,932,0,0,0,0,0,0,930,924,916,904,859,0,0,0,0,0,0,0,0,0,0,0,0,0,0,0,0,0,0,0,0,0,0,0,0,0,0,0,0,0,0,0,0,0,0,0,0,0,0,0,0,0,0,0,0,0,0,0,63,136,155,159,285,390,478,524,569,673,704,735,757,779,809,830,849,862,871,876,880,885,890,895,900,904,907,910,913,916,918,920,922,922,924,926,926,928,930,931,933,934,936,937,938,939,938,937,934,928,921,908,889,866,822,751,615,408,0,0,0,0,0,0,0,0,0,0,0,0,0,0,0,0,0,0,0,0,0,0,0,0,0,0,0,0,0,0,0,0,0,0,0,0,0,0,0,0,0,ShakeHold
0,0,0,0,0,0,0,0,0,128,353,500,611,680,0,0,0,0,1,891,904,911,917,921,925,929,932,937,941,943,944,946,947,949,950,952,952,954,954,954,954,954,954,954,953,949,951,947,946,0,0,0,0,0,0,0,0,0,0,0,0,0,0,0,0,0,0,0,0,0,0,0,0,0,0,0,0,0,0,0,0,0,0,0,0,0,0,0,0,0,0,0,0,0,0,0,0,0,0,0,0,94,158,212,289,347,402,473,526,569,602,619,696,737,762,784,804,832,852,866,877,885,893,897,902,906,909,913,916,917,918,920,921,922,923,925,926,927,929,929,930,930,930,930,930,928,926,924,920,911,901,884,862,801,740,538,235,0,0,0,0,0,0,0,0,0,0,0,0,0,0,0,0,0,0,0,0,0,0,0,0,0,0,0,0,0,0,0,0,0,0,0,0,0,0,0,0,0,0,0,ShakeHold
0,0,0,0,0,0,0,85,228,294,406,512,563,611,668,713,733,750,761,776,780,792,801,809,816,825,835,847,852,859,863,867,871,874,875,874,872,866,853,825,766,0,0,0,0,0,0,0,0,0,0,0,0,0,0,0,0,0,0,0,0,0,0,0,0,0,0,0,0,0,0,0,0,0,0,0,0,0,0,0,0,0,0,0,0,0,0,0,0,0,0,0,0,0,0,0,0,0,0,0,0,42,66,171,215,258,327,381,425,458,560,643,673,698,706,735,752,771,782,773,770,772,776,780,788,805,822,838,850,855,860,863,865,867,867,865,862,854,840,817,773,696,594,348,183,0,0,0,0,0,0,0,0,0,0,0,0,0,0,0,0,0,0,0,0,0,0,0,0,0,0,0,0,0,0,0,0,0,0,0,0,0,0,0,0,0,0,0,0,0,0,0,0,0,0,0,0,0,0,0,ShakeHold
0,0,0,0,0,0,0,35,0,0,0,0,0,0,0,585,593,719,730,741,761,780,798,813,821,827,831,837,845,852,856,860,863,864,865,864,863,860,857,850,841,809,797,772,735,688,631,597,559,489,370,192,0,0,0,0,0,0,0,0,0,0,0,0,0,0,0,0,0,0,0,0,0,0,0,0,0,0,0,0,0,0,0,0,0,0,0,0,0,0,0,0,0,0,0,0,0,0,0,0,0,53,128,158,241,379,494,624,700,779,814,842,860,871,881,892,900,905,908,910,914,917,919,921,923,925,926,928,931,933,934,935,936,936,936,935,934,933,932,928,924,918,912,902,892,879,868,857,842,817,772,720,554,314,0,0,0,0,0,0,0,0,0,0,0,0,0,0,0,0,0,0,0,0,0,0,0,0,0,0,0,0,0,0,0,0,0,0,0,0,0,0,0,0,0,0,0,0,0,0,ShakeHold
0,0,0,0,0,0,0,0,21,92,236,212,0,0,0,0,0,0,0,0,0,0,0,0,0,0,0,0,0,0,895,900,902,904,908,910,913,916,920,925,931,933,937,938,939,940,938,934,926,912,892,843,742,654,341,0,0,0,0,0,0,0,0,0,0,0,0,0,0,0,0,0,0,0,0,0,0,0,0,0,0,0,0,0,0,0,0,0,0,0,0,0,0,0,0,0,0,0,0,0,0,174,214,239,294,311,373,456,497,521,544,563,618,684,716,732,746,752,769,790,809,826,836,847,853,860,865,870,881,890,894,897,900,902,904,907,912,917,921,926,929,932,934,935,936,936,936,932,927,910,883,851,788,681,559,216,0,0,0,0,0,0,0,0,0,0,0,0,0,0,0,0,0,0,0,0,0,0,0,0,0,0,0,0,0,0,0,0,0,0,0,0,0,0,0,0,0,0,0,0,ShakeHold
0,0,0,0,0,0,0,0,0,0,0,0,0,0,159,381,570,685,757,808,837,858,875,885,894,900,905,909,911,911,914,918,922,925,925,927,926,926,926,927,929,929,930,931,930,930,929,926,925,922,917,913,904,887,867,813,680,200,0,0,0,0,0,0,0,0,0,0,0,0,0,0,0,0,0,0,0,0,0,0,0,0,0,0,0,0,0,0,0,0,0,0,0,0,0,0,0,0,0,0,0,31,52,15,0,0,0,0,0,90,126,337,424,495,599,662,720,773,809,835,862,875,882,888,896,903,909,913,915,917,918,921,924,926,927,926,922,919,919,920,925,928,929,930,930,929,928,925,922,916,912,909,906,898,877,855,768,629,330,60,0,0,0,0,0,0,0,0,0,0,0,0,0,0,0,0,0,0,0,0,0,0,0,0,0,0,0,0,0,0,0,0,0,0,0,0,0,0,0,0,ShakeHold
0,0,0,0,0,0,159,381,570,685,757,808,837,858,875,885,894,900,905,909,911,911,914,918,922,925,925,927,926,926,926,927,929,929,930,931,930,930,929,926,925,922,917,913,904,887,867,813,680,200,0,0,0,0,0,0,0,0,0,0,0,0,0,0,0,0,0,0,0,0,0,0,0,0,0,0,0,0,0,0,0,0,0,0,0,0,0,0,0,0,0,0,0,0,0,0,0,0,0,0,0,90,126,337,424,495,599,662,720,773,809,835,862,875,882,888,896,903,909,913,915,917,918,921,924,926,927,926,922,919,919,920,925,928,929,930,930,929,928,925,922,916,912,909,906,898,877,855,768,629,330,60,0,0,0,0,0,0,0,0,0,0,0,0,0,0,0,0,0,0,0,0,0,0,0,0,0,0,0,0,0,0,0,0,0,0,0,0,0,0,0,0,0,0,0,0,0,0,0,0,ShakeHold
0,0,0,0,0,117,249,305,384,463,525,581,621,657,691,716,736,751,753,752,759,768,771,0,0,0,0,0,0,0,824,836,837,833,827,818,807,0,0,0,0,378,39,0,0,0,0,0,0,0,0,0,0,0,0,0,0,0,0,0,0,0,0,0,0,0,0,0,0,0,0,0,0,0,0,0,0,0,0,0,0,0,0,0,0,0,0,0,0,0,0,0,0,0,0,0,0,0,0,0,0,74,217,353,464,538,583,614,659,683,713,741,770,795,804,800,783,770,752,728,721,723,730,740,769,792,807,817,821,822,824,826,830,831,827,821,806,761,727,664,599,482,331,176,0,0,0,0,0,0,0,0,0,0,0,0,0,0,0,0,0,0,0,0,0,0,0,0,0,0,0,0,0,0,0,0,0,0,0,0,0,0,0,0,0,0,0,0,0,0,0,0,0,0,0,0,0,0,0,0,ShakeHold
0,0,0,0,0,0,0,0,0,38,269,427,578,637,671,704,746,775,0,0,0,816,810,848,855,870,878,884,887,890,893,894,893,0,0,0,0,0,0,860,856,844,831,824,0,0,657,579,449,291,0,0,0,0,0,0,0,0,0,0,0,0,0,0,0,0,0,0,0,0,0,0,0,0,0,0,0,0,0,0,0,0,0,0,0,0,0,0,0,0,0,0,0,0,0,0,0,0,0,0,0,3,181,312,409,449,443,518,585,646,696,728,754,796,823,852,872,886,895,900,906,911,916,920,923,926,929,932,934,934,935,935,935,935,935,935,934,933,932,931,930,927,924,919,906,886,860,826,790,759,729,653,572,459,473,289,0,0,0,0,0,0,0,0,0,0,0,0,0,0,0,0,0,0,0,0,0,0,0,0,0,0,0,0,0,0,0,0,0,0,0,0,0,0,0,0,0,0,0,0,ShakeHold
0,0,0,0,192,425,516,590,658,703,737,758,778,796,816,832,845,855,861,867,872,874,876,879,883,884,885,887,887,886,883,875,860,842,821,794,714,614,369,0,0,0,0,0,0,0,0,0,0,0,0,0,0,0,0,0,0,0,0,0,0,0,0,0,0,0,0,0,0,0,0,0,0,0,0,0,0,0,0,0,0,0,0,0,0,0,0,0,0,0,0,0,0,0,0,0,0,0,0,0,0,73,241,343,514,599,662,701,729,777,805,825,832,837,841,848,854,857,859,859,860,864,876,885,891,893,893,892,890,883,878,862,842,829,820,814,788,733,614,430,166,0,0,0,0,0,0,0,0,0,0,0,0,0,0,0,0,0,0,0,0,0,0,0,0,0,0,0,0,0,0,0,0,0,0,0,0,0,0,0,0,0,0,0,0,0,0,0,0,0,0,0,0,0,0,0,0,0,0,0,ShakeHold
0,0,0,0,0,0,150,270,427,516,577,636,686,745,784,813,835,850,867,883,894,901,908,913,915,920,923,927,930,929,0,0,0,0,0,0,0,1,708,546,408,148,0,0,0,0,0,0,0,0,0,0,0,0,0,0,0,0,0,0,0,0,0,0,0,0,0,0,0,0,0,0,0,0,0,0,0,0,0,0,0,0,0,0,0,0,0,0,0,0,0,0,0,0,0,0,0,0,0,0,0,49,80,133,232,334,433,561,637,698,733,771,803,838,860,874,884,896,904,911,919,923,925,929,934,937,942,945,947,946,944,940,937,930,927,917,902,878,845,798,726,599,430,136,0,0,0,0,0,0,0,0,0,0,0,0,0,0,0,0,0,0,0,0,0,0,0,0,0,0,0,0,0,0,0,0,0,0,0,0,0,0,0,0,0,0,0,0,0,0,0,0,0,0,0,0,0,0,0,0,ShakeHold
0,0,0,0,0,0,0,0,5,322,474,559,585,627,656,671,697,710,723,729,725,731,750,759,778,794,802,0,0,0,0,0,0,839,842,843,843,837,1,0,0,0,0,0,0,0,0,0,0,0,0,0,0,0,0,0,0,0,0,0,0,0,0,0,0,0,0,0,0,0,0,0,0,0,0,0,0,0,0,0,0,0,0,0,0,0,0,0,0,0,0,0,0,0,0,0,0,0,0,0,0,3,95,139,244,380,473,509,554,640,691,729,745,760,774,791,803,813,819,824,831,833,836,839,840,849,854,860,864,869,871,876,880,884,887,888,886,880,870,863,858,853,842,814,771,728,695,637,597,410,287,34,0,0,0,0,0,0,0,0,0,0,0,0,0,0,0,0,0,0,0,0,0,0,0,0,0,0,0,0,0,0,0,0,0,0,0,0,0,0,0,0,0,0,0,0,0,0,0,0,ShakeHold
0,0,0,0,64,182,336,472,541,595,666,700,0,0,0,3,0,0,0,0,0,0,0,0,0,0,0,0,0,0,0,0,0,0,0,0,0,0,0,0,0,0,0,0,0,0,0,0,0,0,0,0,0,0,0,0,0,0,0,0,0,0,0,0,0,0,0,0,0,0,0,0,0,0,0,0,0,0,0,0,0,0,0,0,0,0,0,0,0,0,0,0,0,0,0,0,0,0,0,0,0,42,230,377,494,555,590,643,671,697,731,773,796,813,832,844,849,851,848,846,847,843,840,840,848,860,871,879,884,886,886,885,883,876,864,858,853,854,833,752,649,584,487,207,0,0,0,0,0,0,0,0,0,0,0,0,0,0,0,0,0,0,0,0,0,0,0,0,0,0,0,0,0,0,0,0,0,0,0,0,0,0,0,0,0,0,0,0,0,0,0,0,0,0,0,0,0,0,0,0,ShakeHold
0,0,0,0,0,0,0,0,0,0,0,0,0,92,148,211,276,327,371,435,528,595,638,669,708,742,763,781,799,813,820,826,834,840,846,848,850,855,857,858,858,859,858,857,854,850,849,845,842,831,821,809,778,720,612,0,0,0,0,0,0,0,0,0,0,0,0,0,0,0,0,0,0,0,0,0,0,0,0,0,0,0,0,0,0,0,0,0,0,0,0,0,0,0,0,0,0,0,0,0,0,26,0,0,0,0,0,0,0,0,0,29,132,171,272,327,375,434,484,536,581,619,650,668,680,697,719,751,771,787,803,812,821,827,829,829,830,829,826,822,820,817,815,811,806,800,794,788,783,772,751,725,682,611,528,337,309,277,128,121,0,0,0,0,0,0,0,0,0,0,0,0,0,0,0,0,0,0,0,0,0,0,0,0,0,0,0,0,0,0,0,0,0,0,0,0,0,0,0,0,ShakeHold
0,0,0,92,148,211,276,327,371,435,528,595,638,669,708,742,763,781,799,813,820,826,834,840,846,848,850,855,857,858,858,859,858,857,854,850,849,845,842,831,821,809,778,720,612,0,0,0,0,0,0,0,0,0,0,0,0,0,0,0,0,0,0,0,0,0,0,0,0,0,0,0,0,0,0,0,0,0,0,0,0,0,0,0,0,0,0,0,0,0,0,0,0,0,0,0,0,0,0,0,0,29,132,171,272,327,375,434,484,536,581,619,650,668,680,697,719,751,771,787,803,812,821,827,829,829,830,829,826,822,820,817,815,811,806,800,794,788,783,772,751,725,682,611,528,337,309,277,128,121,0,0,0,0,0,0,0,0,0,0,0,0,0,0,0,0,0,0,0,0,0,0,0,0,0,0,0,0,0,0,0,0,0,0,0,0,0,0,0,0,0,0,0,0,0,0,0,0,0,0,ShakeHold
