0,68,132,181,251,347,390,417,461,539,611,649,707,747,769,780,792,794,803,817,830,842,849,854,855,859,861,865,866,863,861,861,863,862,863,856,846,838,826,800,784,759,697,649,545,445,403,331,242,174,0,0,0,0,0,0,0,0,0,0,0,0,0,0,0,0,0,0,0,0,0,0,0,0,0,0,0,0,0,0,0,0,0,0,0,0,0,0,0,0,0,0,0,0,0,0,0,0,0,0,0,0,0,0,0,0,0,0,0,0,0,189,400,437,464,634,654,667,677,677,674,696,716,706,731,752,756,728,762,775,762,775,778,781,713,679,745,710,606,657,589,458,318,174,0,0,0,0,0,0,0,0,0,0,0,0,0,0,0,0,0,0,0,0,0,0,0,0,0,0,0,0,0,0,0,0,0,0,0,0,0,0,0,0,0,0,0,0,0,0,0,0,0,0,0,0,0,0,0,0,ShakeHold
0,107,165,233,350,444,516,570,600,618,646,710,752,775,800,806,811,814,816,823,829,840,844,847,855,859,866,872,875,876,874,869,867,864,861,855,846,839,834,830,823,813,789,756,733,682,612,570,526,440,326,280,151,0,0,0,0,0,0,0,0,0,0,0,0,0,0,0,0,0,0,0,0,0,0,0,0,0,0,0,0,0,0,0,0,0,0,0,0,0,0,0,0,0,0,0,0,0,0,0,0,0,0,0,0,0,0,0,0,112,328,455,558,594,641,684,707,685,710,684,733,731,759,749,730,713,721,669,800,730,792,790,796,780,768,762,765,649,740,686,680,712,663,573,514,408,228,4,0,0,0,0,0,0,0,0,0,0,0,0,0,0,0,0,0,0,0,0,0,0,0,0,0,0,0,0,0,0,0,0,0,0,0,0,0,0,0,0,0,0,0,0,0,0,0,0,0,0,0,0,ShakeHold
0,38,75,95,137,128,151,299,364,402,409,426,451,479,535,583,606,624,633,642,664,678,693,711,732,748,761,763,760,759,755,753,753,752,756,766,772,770,769,771,774,771,765,753,747,743,743,743,729,711,659,600,555,507,268,82,0,0,0,0,0,0,0,0,0,0,0,0,0,0,0,0,0,0,0,0,0,0,0,0,0,0,0,0,0,0,0,0,0,0,0,0,0,0,0,0,0,0,0,0,0,0,0,0,0,0,0,0,0,0,0,0,0,0,0,0,0,11,38,73,87,131,172,223,253,317,385,359,325,404,398,362,362,360,353,379,383,409,411,440,373,438,427,412,394,395,333,350,211,148,69,0,0,0,0,0,0,0,0,0,0,0,0,0,0,0,0,0,0,0,0,0,0,0,0,0,0,0,0,0,0,0,0,0,0,0,0,0,0,0,0,0,0,0,0,0,0,0,0,0,ShakeHold
0,134,209,264,329,359,376,408,423,418,425,436,434,446,448,464,475,516,542,565,568,574,586,604,605,595,582,581,594,596,600,609,617,617,618,619,620,606,602,576,546,502,469,437,417,328,298,143,31,0,0,0,0,0,0,0,0,0,0,0,0,0,0,0,0,0,0,0,0,0,0,0,0,0,0,0,0,0,0,0,0,0,0,0,0,0,0,0,0,0,0,0,0,0,0,0,0,0,0,0,0,0,0,0,0,0,0,0,0,0,0,0,0,0,0,0,0,0,0,0,1,0,0,0,0,0,0,1,0,0,0,0,0,0,0,0,0,0,0,0,0,0,0,0,0,0,0,0,0,0,0,0,0,0,0,0,0,0,0,0,0,0,0,0,0,0,0,0,0,0,0,0,0,0,0,0,0,0,0,0,0,0,0,0,0,0,0,0,0,0,0,0,0,0,0,0,0,0,0,0,ShakeHold
0,7,158,188,254,305,353,400,424,429,441,444,439,428,430,446,484,534,555,561,574,586,612,623,627,632,641,656,673,685,692,694,696,699,704,701,697,690,687,686,685,681,682,662,612,573,568,525,462,423,369,231,131,0,0,0,0,0,0,0,0,0,0,0,0,0,0,0,0,0,0,0,0,0,0,0,0,0,0,0,0,0,0,0,0,0,0,0,0,0,0,0,0,0,0,0,0,0,0,0,0,0,0,0,0,0,0,0,0,0,0,0,0,0,0,0,0,0,0,0,0,0,0,0,0,0,0,71,94,77,43,0,0,0,47,120,164,221,205,207,199,162,130,0,0,0,0,0,0,0,0,0,0,0,0,0,0,0,0,0,0,0,0,0,0,0,0,0,0,0,0,0,0,0,0,0,0,0,0,0,0,0,0,0,0,0,0,0,0,0,0,0,0,0,0,0,0,0,0,0,ShakeHold
0,66,96,146,209,303,352,393,421,434,461,466,499,554,606,645,670,682,698,711,727,737,750,763,770,777,787,794,797,806,813,816,822,828,837,845,849,855,859,860,862,865,870,872,876,875,874,874,873,874,872,870,867,862,842,827,811,801,790,777,739,653,560,432,264,196,73,0,0,0,0,0,0,0,0,0,0,0,0,0,0,0,0,0,0,0,0,0,0,0,0,0,0,0,0,0,0,0,0,0,0,0,0,0,0,0,0,0,0,0,0,89,145,257,341,472,500,516,524,537,598,548,649,610,690,678,715,670,727,680,760,773,782,788,789,793,793,743,673,718,742,806,779,773,817,777,747,801,803,804,801,712,772,738,758,677,716,758,735,621,544,440,281,0,0,0,1,0,0,0,0,0,0,0,0,0,0,0,0,0,0,0,0,0,0,0,0,0,0,0,0,0,0,0,0,0,0,0,0,0,ShakeHold
0,122,173,279,374,432,480,517,557,577,586,592,597,603,602,607,608,615,621,616,616,609,605,632,654,670,682,684,696,696,697,704,712,723,739,746,756,756,750,739,722,690,626,601,577,519,442,354,326,181,134,106,0,0,1,0,1,0,0,0,0,0,0,0,0,0,0,0,0,0,0,0,0,0,0,0,0,0,0,0,0,0,0,0,0,0,0,0,0,0,0,0,0,0,0,0,0,0,0,0,0,0,0,0,0,0,0,79,114,127,153,178,189,202,226,278,327,388,407,448,406,487,485,438,449,482,490,497,515,554,581,601,590,590,608,589,568,623,620,604,582,528,505,451,400,298,203,0,0,0,0,0,0,0,0,0,0,0,0,0,0,0,0,0,0,0,0,0,0,0,0,0,0,0,0,0,0,0,0,0,0,0,0,0,0,0,0,0,0,0,0,0,0,0,0,0,0,0,0,0,ShakeHold
0,47,26,174,253,291,312,339,350,380,387,388,405,454,505,570,608,641,668,697,722,741,752,763,777,790,803,815,830,840,849,857,862,868,873,878,881,886,889,893,894,893,894,894,893,892,892,890,886,881,871,857,827,798,758,692,656,562,481,336,171,0,0,0,0,0,0,0,0,0,0,0,0,0,0,0,0,0,0,0,0,0,0,0,0,0,0,0,0,0,0,0,0,0,0,0,0,0,0,0,0,0,0,0,0,0,0,0,0,0,0,0,0,0,0,0,0,0,0,0,0,0,62,129,223,270,313,404,481,532,546,518,487,571,541,646,675,707,678,665,650,706,709,711,712,704,694,689,570,675,659,639,506,416,290,0,0,0,0,0,0,0,0,0,0,0,0,0,0,0,0,0,0,0,0,0,0,0,0,0,0,0,0,0,0,0,0,0,0,0,0,0,0,0,0,0,0,0,0,0,ShakeHold
0,90,186,223,360,405,439,461,525,578,613,638,687,722,741,758,766,772,779,786,788,788,790,790,790,788,788,789,788,790,791,789,785,782,782,780,777,776,770,752,724,682,642,618,563,455,419,355,267,194,60,0,0,0,0,0,0,0,0,0,0,0,0,0,0,0,0,0,0,0,0,0,0,0,0,0,0,0,0,0,0,0,0,0,0,0,0,0,0,0,0,0,0,0,0,0,0,0,0,0,0,0,0,0,0,0,0,0,0,82,150,294,368,420,425,418,506,498,566,596,570,541,624,630,587,507,563,595,546,542,568,567,615,602,538,471,555,513,454,391,395,341,270,5,7,0,1,0,0,0,0,0,1,0,0,0,2,0,0,0,0,0,0,0,0,0,0,0,0,0,0,0,0,0,0,0,0,0,0,0,0,0,0,0,0,0,0,0,0,0,0,0,0,0,0,0,0,0,0,0,ShakeHold
0,43,97,134,179,198,204,214,213,249,268,292,292,311,342,376,366,357,345,339,340,346,337,312,292,283,287,286,272,266,308,338,379,434,480,503,523,542,538,513,470,433,414,437,498,539,565,597,612,633,644,648,623,558,463,431,447,487,545,583,596,607,615,614,610,573,512,489,483,501,517,518,528,531,524,505,458,358,325,241,219,89,110,44,0,0,0,1,0,0,0,0,0,0,0,0,0,0,0,0,0,0,0,0,0,0,0,0,0,0,0,0,0,0,0,0,0,0,0,0,0,0,0,0,0,0,0,0,0,0,0,0,0,0,39,111,152,189,208,210,225,245,248,256,258,271,253,250,252,277,292,332,343,317,272,263,257,287,290,315,302,320,339,351,358,312,313,301,285,259,250,224,190,174,125,122,95,10,0,0,0,0,0,0,0,2,0,0,0,0,0,0,0,0,0,0,0,0,0,0,ShakeHold
0,5,0,0,0,199,272,351,392,450,519,547,588,642,679,712,737,760,777,794,808,820,830,836,842,845,848,847,851,854,858,859,858,857,856,854,856,857,861,865,868,868,868,868,866,861,857,852,847,842,838,832,819,790,773,737,685,570,450,346,233,144,7,0,0,1,0,0,0,0,0,0,0,0,0,0,0,0,0,0,0,0,0,0,0,0,0,0,0,0,0,0,0,0,0,0,0,0,0,0,0,0,0,0,0,0,0,0,0,0,0,16,142,299,421,479,513,496,585,610,655,711,670,756,766,725,644,772,716,788,736,805,746,812,813,809,793,799,733,765,718,780,809,758,815,811,798,711,745,753,744,750,740,657,623,519,441,212,0,0,0,0,0,0,0,0,0,0,0,0,0,0,0,0,0,0,0,0,0,0,0,0,0,0,0,0,0,0,0,0,0,0,0,0,0,0,0,0,0,0,ShakeHold
0,199,272,351,392,450,519,547,588,642,679,712,737,760,777,794,808,820,830,836,842,845,848,847,851,854,858,859,858,857,856,854,856,857,861,865,868,868,868,868,866,861,857,852,847,842,838,832,819,790,773,737,685,570,450,346,233,144,7,0,0,1,0,0,0,0,0,0,0,0,0,0,0,0,0,0,0,0,0,0,0,0,0,0,0,0,0,0,0,0,0,0,0,0,0,0,0,0,0,0,0,0,0,0,0,0,0,16,142,299,421,479,513,496,585,610,655,711,670,756,766,725,644,772,716,788,736,805,746,812,813,809,793,799,733,765,718,780,809,758,815,811,798,711,745,753,744,750,740,657,623,519,441,212,0,0,0,0,0,0,0,0,0,0,0,0,0,0,0,0,0,0,0,0,0,0,0,0,0,0,0,0,0,0,0,0,0,0,0,0,0,0,0,0,0,0,0,0,0,0,ShakeHold
0,136,243,270,388,455,501,526,562,573,594,642,674,722,756,777,798,809,818,832,839,846,848,851,853,854,863,870,875,874,874,870,872,874,877,881,885,888,891,894,894,894,893,888,883,870,858,847,839,831,813,778,728,635,565,479,341,98,46,0,0,0,0,0,0,0,0,0,0,0,0,0,0,0,0,0,0,0,0,0,0,0,0,0,0,0,0,0,0,0,0,0,0,0,0,0,0,0,0,0,0,0,0,0,0,0,0,0,0,0,0,0,0,242,338,400,431,470,472,556,540,598,633,601,636,674,652,608,703,684,672,667,690,713,725,737,753,764,767,754,730,761,749,735,687,649,557,606,594,511,527,422,249,118,0,0,0,0,0,0,0,0,0,0,0,0,0,0,0,0,0,0,0,0,0,0,0,0,0,0,0,0,0,0,0,0,0,0,0,0,0,0,0,0,0,0,0,0,0,0,ShakeHold
0,0,0,0,23,193,301,336,398,511,561,590,611,653,693,715,739,750,755,766,772,777,779,783,787,795,800,804,805,807,810,811,807,803,796,788,782,773,763,740,706,623,592,529,413,365,329,171,0,0,0,0,0,0,0,0,0,0,0,0,0,0,0,0,0,0,0,0,0,0,0,0,0,0,0,0,0,0,0,0,0,0,0,0,0,0,0,0,0,0,0,0,0,0,0,0,0,0,0,0,0,2,0,0,0,0,0,0,0,0,55,181,205,245,354,407,457,503,581,609,608,657,664,671,645,625,681,674,675,656,649,661,677,672,679,627,582,562,591,493,337,268,150,0,0,0,0,0,0,0,0,0,0,0,0,0,0,0,0,0,0,0,0,0,0,0,0,0,0,0,0,0,0,0,0,0,0,0,0,0,0,0,0,0,0,0,0,0,0,0,0,0,0,0,0,0,0,0,0,0,ShakeHold
0,23,193,301,336,398,511,561,590,611,653,693,715,739,750,755,766,772,777,779,783,787,795,800,804,805,807,810,811,807,803,796,788,782,773,763,740,706,623,592,529,413,365,329,171,0,0,0,0,0,0,0,0,0,0,0,0,0,0,0,0,0,0,0,0,0,0,0,0,0,0,0,0,0,0,0,0,0,0,0,0,0,0,0,0,0,0,0,0,0,0,0,0,0,0,0,0,0,0,0,0,0,0,0,0,0,0,55,181,205,245,354,407,457,503,581,609,608,657,664,671,645,625,681,674,675,656,649,661,677,672,679,627,582,562,591,493,337,268,150,0,0,0,0,0,0,0,0,0,0,0,0,0,0,0,0,0,0,0,0,0,0,0,0,0,0,0,0,0,0,0,0,0,0,0,0,0,0,0,0,0,0,0,0,0,0,0,0,0,0,0,0,0,0,0,0,0,0,0,0,ShakeHold
0,66,112,228,325,419,486,529,579,615,642,668,697,728,755,774,786,796,803,812,821,829,837,844,851,854,858,861,860,862,865,865,867,867,867,867,865,865,864,866,864,864,864,862,860,857,852,843,829,812,782,737,718,687,632,592,536,457,341,167,0,0,0,0,0,0,0,0,0,0,0,0,0,0,0,0,0,0,0,0,0,0,0,0,0,0,0,0,0,0,0,0,0,0,0,0,0,0,0,0,0,0,0,0,0,0,0,0,0,0,0,0,0,153,231,383,445,495,533,575,615,656,684,689,689,692,698,681,712,702,732,721,758,740,764,738,751,744,715,726,727,607,674,674,703,681,583,559,504,398,283,205,192,123,0,0,0,0,0,0,1,0,0,0,0,0,0,0,0,0,0,0,0,0,0,0,0,0,0,0,0,0,0,0,0,0,0,0,0,0,0,0,0,0,0,0,0,0,0,0,ShakeHold
0,125,212,348,390,431,480,532,568,593,629,675,692,706,723,739,751,760,766,768,766,762,762,765,768,775,785,794,799,803,808,814,816,818,816,814,814,815,816,818,820,823,827,830,833,830,830,822,814,800,785,760,685,622,552,422,381,318,198,0,0,0,0,0,0,0,0,0,0,0,0,0,0,0,0,0,0,0,0,0,0,0,0,0,0,0,0,0,0,0,0,0,0,0,0,0,0,0,0,0,0,0,0,0,0,0,0,0,90,222,219,254,294,325,327,387,416,505,525,521,559,555,542,564,594,604,621,630,638,650,628,639,664,619,564,682,675,677,699,690,703,707,609,705,707,700,654,650,617,557,507,468,394,212,112,0,0,0,0,0,1,0,0,0,0,0,0,0,0,0,0,0,0,0,0,0,0,0,0,0,0,0,0,0,0,0,0,0,0,0,0,0,0,0,0,0,0,0,0,0,ShakeHold
0,0,0,0,0,0,0,0,0,0,0,0,0,0,0,0,0,0,0,0,0,0,0,0,0,0,0,0,0,0,0,0,0,0,0,0,0,0,0,0,0,0,0,0,0,0,0,0,0,0,0,0,0,0,0,0,0,0,0,0,0,0,0,0,0,0,0,0,0,0,0,0,0,0,0,0,0,0,0,0,0,0,0,0,0,0,0,0,0,0,136,230,327,397,469,523,590,632,676,711,0,1,0,0,0,0,0,0,0,0,0,0,0,0,0,0,0,0,0,0,0,0,0,0,0,0,0,0,0,0,0,0,0,0,0,0,0,0,0,0,0,0,0,0,0,0,0,0,0,0,0,0,0,0,0,0,0,0,0,0,0,0,0,0,0,0,0,0,0,0,0,0,0,0,0,0,0,0,0,0,0,0,0,0,0,0,0,0,0,0,0,0,0,0,0,0,0,0,68,239,ShakeHold
0,136,230,327,397,469,523,590,632,676,711,751,777,796,812,826,836,844,849,853,857,864,871,872,874,876,878,881,883,885,882,882,885,884,882,878,879,879,877,873,866,842,826,803,773,736,691,587,467,335,155,0,0,0,0,0,0,0,0,0,0,0,0,0,0,0,0,0,0,0,0,0,0,0,0,0,0,0,0,0,0,0,0,0,0,0,0,0,0,0,0,0,0,0,0,0,0,0,0,0,0,0,0,0,0,0,0,0,0,68,239,397,416,453,420,449,517,547,527,594,586,610,544,589,623,623,618,608,578,585,502,512,581,514,603,562,587,585,566,585,567,511,390,412,387,354,349,191,0,0,0,0,0,0,0,0,0,0,0,0,0,0,0,0,0,0,0,0,0,0,0,0,0,0,0,0,0,0,0,0,0,0,0,0,0,0,0,0,0,0,0,0,0,0,0,0,0,0,0,0,ShakeHold
0,116,158,186,195,196,200,201,262,311,354,382,403,420,426,429,425,421,407,391,368,367,367,372,365,345,302,199,175,113,0,0,0,0,0,0,0,0,0,0,0,0,0,0,0,0,0,0,0,0,0,0,0,0,0,0,0,0,0,0,0,0,0,0,0,0,0,0,0,0,0,0,0,0,0,0,0,0,0,0,0,0,0,0,0,0,0,0,0,0,0,0,0,0,0,0,0,0,0,0,0,0,0,0,0,0,0,0,0,0,0,0,0,0,0,0,0,0,0,0,0,0,0,0,0,0,0,0,0,0,0,0,0,0,0,0,0,0,0,0,0,0,0,0,0,0,0,0,0,0,0,0,0,0,0,0,0,0,0,0,0,0,0,0,0,0,0,0,0,0,0,0,0,0,0,0,0,0,0,0,0,0,0,0,0,0,0,0,0,0,0,0,0,0,0,0,0,0,0,0,ShakeHold
0,100,122,233,324,445,540,628,675,703,740,775,794,808,814,815,818,822,829,835,841,846,853,860,866,870,872,873,873,873,872,873,876,881,884,882,881,877,870,868,865,857,838,819,790,764,720,647,579,522,387,199,0,0,0,0,0,0,0,0,0,0,0,0,0,0,0,0,0,0,0,0,0,0,0,0,0,0,0,0,0,0,0,0,0,0,0,0,0,0,0,0,0,0,0,0,0,0,0,0,0,1,0,0,0,0,0,0,297,341,382,468,467,512,533,512,466,455,508,576,524,571,514,544,475,578,578,562,599,651,561,651,649,607,659,584,656,604,559,580,583,565,544,498,399,417,348,294,237,121,0,0,0,0,0,0,0,0,0,1,0,0,0,0,0,0,0,0,0,0,0,0,0,0,0,0,0,0,0,0,0,0,0,0,0,0,0,0,0,0,0,0,0,0,0,0,0,0,0,0,ShakeHold
0,0,0,0,0,0,0,0,0,0,0,0,0,0,0,0,0,0,0,0,0,0,0,0,0,0,0,0,0,0,0,0,0,0,0,0,0,0,0,0,0,0,0,0,0,0,0,0,0,0,0,0,0,0,0,0,0,0,0,0,0,0,0,0,0,0,0,0,0,0,38,155,197,267,415,458,488,586,650,671,690,705,714,721,741,756,767,771,770,776,783,794,801,808,816,824,828,831,836,841,0,1,0,0,0,0,0,0,0,0,0,0,0,0,0,0,0,0,0,0,0,0,0,0,0,0,0,0,0,0,0,0,0,0,0,0,0,0,0,0,0,0,0,0,0,0,0,0,0,0,0,0,0,0,0,0,0,0,0,0,0,0,0,0,0,0,0,0,0,0,0,1,0,0,0,0,0,0,0,127,196,244,258,288,353,402,450,396,483,480,501,556,571,604,592,565,556,652,610,643,ShakeHold
0,38,155,197,267,415,458,488,586,650,671,690,705,714,721,741,756,767,771,770,776,783,794,801,808,816,824,828,831,836,841,852,860,867,870,872,873,874,875,876,875,869,862,855,855,857,863,866,855,847,833,817,792,768,763,724,604,510,324,253,126,121,0,0,0,0,0,0,0,0,0,0,0,0,0,0,0,0,0,0,0,0,0,0,0,0,0,0,0,0,0,0,0,0,0,0,0,0,0,0,0,0,1,0,0,0,0,0,0,0,127,196,244,258,288,353,402,450,396,483,480,501,556,571,604,592,565,556,652,610,643,639,678,670,635,669,656,673,707,691,703,638,710,707,645,672,691,660,702,579,606,535,575,547,400,318,170,0,0,0,0,0,0,0,0,0,0,0,0,0,0,0,0,0,0,0,0,0,0,0,0,0,0,0,0,0,0,0,0,0,0,0,0,0,0,0,0,0,0,0,ShakeHold
0,96,280,349,413,488,535,586,646,701,750,790,823,846,860,871,877,882,885,888,890,890,892,893,894,894,893,892,892,892,892,895,895,895,893,888,886,889,889,890,891,889,887,887,888,889,888,885,881,878,870,868,865,862,859,852,839,810,772,689,619,450,83,0,0,0,0,0,0,0,0,0,0,0,0,0,0,0,0,0,0,0,0,0,0,0,0,0,0,0,0,0,0,0,0,0,0,0,0,0,0,0,0,0,0,0,0,0,137,234,270,477,513,519,564,644,641,644,640,669,583,673,613,662,653,663,684,728,671,714,705,647,728,664,622,570,599,608,593,615,586,643,649,666,673,673,627,601,591,533,525,523,553,543,593,514,510,508,427,386,276,62,0,0,0,0,0,0,0,0,0,0,0,0,0,0,0,0,0,0,0,0,0,0,0,0,0,0,0,0,0,0,0,0,0,0,0,0,0,0,ShakeHold
0,18,116,226,275,382,453,515,531,541,546,585,642,673,694,717,733,745,766,786,796,800,804,809,811,824,835,844,847,848,849,853,857,860,856,851,849,849,849,851,851,854,855,855,854,853,856,856,850,837,809,790,775,757,712,687,651,622,584,522,433,337,134,0,0,0,0,0,0,0,0,0,0,0,0,0,0,0,0,0,0,0,0,0,0,0,0,0,0,0,0,0,0,0,0,0,0,0,0,0,0,0,0,0,0,0,47,90,115,123,132,149,212,279,350,416,445,451,535,577,622,633,677,628,611,677,680,684,629,680,695,648,743,714,743,668,764,766,708,754,745,753,629,659,683,698,703,714,707,681,644,694,637,528,506,404,276,97,2,0,0,0,0,0,0,0,0,0,0,0,0,0,0,0,0,0,0,0,0,0,0,0,0,0,0,0,0,0,0,0,0,0,0,0,0,0,0,0,0,0,ShakeHold
0,5,229,432,553,626,667,703,753,784,806,819,832,844,856,864,870,870,872,875,878,878,878,878,879,882,884,887,885,885,884,882,886,888,893,896,897,897,898,899,896,894,891,886,880,867,843,795,753,694,634,543,392,165,0,0,0,0,0,0,0,0,0,0,0,0,0,0,0,0,0,0,0,0,0,0,0,0,0,0,0,0,0,0,0,0,0,0,0,0,0,0,0,0,0,0,0,0,0,0,0,0,0,0,0,0,0,64,215,356,480,527,626,613,679,673,688,709,682,733,745,684,752,743,763,770,747,748,751,750,752,783,788,786,752,756,738,793,770,783,725,762,753,721,773,726,646,508,375,157,0,0,0,0,0,0,0,0,0,0,0,0,0,0,0,0,0,0,0,0,0,0,0,0,0,0,0,0,0,0,0,0,0,0,0,0,0,0,0,0,0,0,0,0,0,0,0,0,0,0,ShakeHold
0,16,60,111,178,288,297,402,475,506,583,628,678,713,736,751,760,763,763,771,779,790,803,817,833,849,860,864,866,870,872,872,873,874,878,880,884,886,889,889,890,892,891,894,892,890,891,893,896,897,894,885,869,847,817,781,708,579,499,246,160,62,0,0,0,0,0,0,0,0,0,0,0,0,0,0,0,0,0,0,0,0,0,0,0,0,0,0,0,0,0,0,0,0,0,0,0,0,0,0,0,0,0,0,0,0,0,0,57,157,268,329,431,436,474,480,578,567,566,641,565,591,658,659,668,654,703,646,715,712,712,713,763,765,784,712,792,791,765,765,771,742,749,731,714,813,771,748,722,797,785,749,729,704,668,608,482,202,0,0,0,0,0,0,0,0,0,0,0,0,0,0,0,0,0,0,0,0,0,0,0,0,0,0,0,0,0,0,0,0,0,0,0,0,0,0,0,0,0,0,ShakeHold
0,149,200,273,320,358,369,381,402,401,409,426,444,461,494,528,532,548,559,575,606,628,639,648,662,662,671,674,670,674,673,676,680,686,677,661,645,660,663,665,671,654,622,590,554,477,446,458,447,423,386,321,194,199,99,0,0,0,0,0,0,0,0,0,0,0,0,0,0,0,0,0,0,0,0,0,0,0,0,0,0,0,0,0,0,0,0,0,0,0,0,0,0,0,0,0,0,0,0,0,0,0,0,0,0,0,0,0,0,0,0,0,0,0,0,0,0,0,0,128,190,217,250,258,269,325,345,359,375,375,386,401,392,416,372,352,375,375,327,334,316,338,314,275,254,211,131,124,110,0,0,0,0,0,0,0,0,0,0,0,0,0,0,0,0,0,0,0,0,0,0,0,0,0,0,0,0,0,0,0,0,0,0,0,0,0,0,0,0,0,0,0,0,0,0,0,0,0,0,0,ShakeHold
0,77,154,236,261,288,304,322,335,359,378,402,421,454,465,477,495,525,532,549,563,575,596,602,592,587,593,601,611,616,621,614,602,616,628,634,632,624,609,598,586,582,566,518,435,373,358,316,257,188,126,16,0,0,0,0,0,0,0,0,0,0,0,0,0,0,0,0,0,0,0,0,0,0,0,0,0,0,0,0,0,0,0,0,0,0,0,0,0,0,0,0,0,0,0,0,0,0,0,0,0,0,0,0,0,0,0,0,0,8,61,132,204,216,264,296,321,344,364,327,402,374,404,397,422,422,421,439,480,522,492,526,523,489,501,492,550,519,460,450,378,456,432,412,347,246,142,32,0,0,0,0,0,0,0,0,0,0,0,0,0,0,0,0,0,0,0,0,0,0,0,0,0,0,0,0,0,0,0,0,0,0,0,0,0,0,0,0,0,0,0,0,0,0,0,0,0,0,0,0,ShakeHold
0,24,28,325,433,484,548,614,644,665,689,721,735,742,745,753,761,771,778,791,803,815,823,826,835,841,846,856,863,866,866,869,872,875,877,876,876,872,873,873,874,876,874,866,864,861,855,843,824,814,807,795,761,746,718,637,562,496,339,223,42,0,0,0,0,0,0,0,0,0,0,0,0,0,0,0,0,0,0,0,0,0,0,0,0,0,0,0,0,0,0,0,0,0,0,0,0,0,0,0,0,0,0,0,0,0,0,0,0,0,0,131,257,300,320,380,407,430,459,501,502,542,532,562,573,603,589,655,641,676,589,574,627,709,721,644,675,689,669,695,636,622,667,695,647,607,640,596,555,460,473,388,389,319,205,0,0,0,0,0,0,0,0,0,0,0,0,0,0,0,0,0,0,0,0,0,0,0,0,0,0,0,0,0,0,0,0,0,0,0,0,0,0,0,0,0,0,0,0,0,ShakeHold
0,111,97,206,362,484,529,583,636,674,686,704,714,736,759,780,801,814,826,836,846,853,861,866,866,868,871,875,881,888,893,896,899,902,904,906,904,899,896,894,895,895,893,886,875,837,805,755,638,536,401,307,125,0,0,0,0,0,0,0,0,0,0,0,0,0,0,0,0,0,0,0,0,0,0,0,0,0,0,0,0,0,0,0,0,0,0,0,0,0,0,0,0,0,0,0,0,0,0,0,0,0,0,0,0,0,0,0,0,0,0,0,96,235,307,395,467,485,520,573,524,535,517,501,596,579,612,590,637,679,733,661,733,771,751,771,723,696,704,672,691,708,707,698,581,568,510,360,278,186,0,0,0,0,0,0,0,0,0,0,0,0,0,0,0,0,0,0,0,0,0,0,0,0,0,0,0,0,0,0,0,0,0,0,0,0,0,0,0,0,0,0,0,0,0,0,0,0,0,0,ShakeHold
0,110,122,119,126,200,273,310,332,349,373,377,390,410,429,442,451,460,480,491,514,557,585,617,634,643,653,658,667,668,676,682,699,712,731,743,749,752,755,758,760,762,759,745,720,707,702,696,677,669,651,609,567,490,389,332,184,149,0,0,0,0,1,0,0,0,0,0,0,0,0,0,0,0,0,0,0,0,0,0,0,0,0,0,0,0,0,0,0,0,0,0,0,0,0,0,0,0,0,0,0,0,0,0,0,0,0,1,0,0,0,0,0,2,77,102,115,120,128,207,236,259,260,276,338,372,402,391,463,474,474,499,543,570,579,581,539,545,572,598,619,582,569,560,561,545,530,462,436,382,310,231,120,95,0,0,0,0,0,0,0,0,0,0,0,0,0,0,0,0,0,0,0,0,0,0,0,0,0,0,0,0,0,0,0,0,0,0,0,0,0,0,0,0,0,0,0,0,0,0,ShakeHold
0,156,263,305,362,365,359,364,389,431,465,493,517,537,554,564,587,594,598,596,599,613,624,633,643,669,681,687,697,706,713,714,697,693,686,684,673,624,561,507,450,366,296,217,159,148,100,0,2,0,0,0,0,0,0,0,0,0,0,0,0,0,0,0,0,0,0,0,0,0,0,0,0,0,0,0,0,0,0,0,0,0,0,0,0,0,0,0,0,0,0,0,0,0,0,0,0,0,0,0,0,0,0,0,0,0,0,0,1,0,0,0,39,111,161,266,287,320,263,275,348,424,454,459,491,507,515,502,522,479,502,488,502,520,540,493,534,501,335,288,262,177,0,0,0,2,0,0,0,0,0,0,0,0,0,0,0,0,0,0,0,0,0,0,0,0,0,0,0,0,0,0,0,0,0,0,0,0,0,0,0,0,0,0,0,0,0,0,0,0,0,0,0,0,0,0,0,0,0,0,ShakeHold
0,33,91,192,303,339,393,403,399,478,526,550,567,564,575,621,673,702,721,735,752,760,764,762,768,780,787,792,796,798,796,793,795,796,795,790,779,760,735,693,583,558,553,487,383,299,163,21,36,0,0,0,0,0,0,0,0,0,0,0,0,0,0,0,0,0,0,0,0,0,0,0,0,0,0,0,0,0,0,0,0,0,0,0,0,0,0,0,0,0,0,0,0,0,0,0,0,0,0,0,0,0,0,0,0,0,0,0,0,0,0,0,0,0,125,176,256,297,403,412,454,479,509,554,599,622,621,639,647,633,602,642,639,611,639,627,608,548,466,475,324,182,0,0,0,0,0,0,0,0,0,0,0,0,0,0,0,0,0,0,0,0,0,0,0,0,0,0,0,0,0,0,0,0,0,0,0,0,0,0,0,0,0,0,0,0,0,0,0,0,0,0,0,0,0,0,0,0,0,0,ShakeHold
0,153,216,282,327,396,460,493,510,543,583,634,661,675,687,709,710,716,710,695,676,668,660,663,669,681,688,688,687,689,694,699,700,688,686,669,674,681,688,686,687,689,692,697,711,710,682,659,662,671,686,693,691,687,667,651,629,586,544,516,478,433,398,338,322,278,275,238,226,1,0,0,0,0,0,0,0,0,0,0,0,0,0,0,0,0,0,0,0,0,0,0,0,0,0,0,0,0,0,0,0,0,0,0,0,0,0,0,0,0,0,101,168,235,279,260,276,301,321,293,344,295,346,348,358,327,333,366,348,321,361,388,365,327,297,345,287,336,351,387,391,394,404,409,365,399,321,263,322,335,344,338,333,375,357,391,385,318,308,292,233,175,107,61,5,0,0,0,0,0,0,0,0,0,0,0,0,0,0,0,0,0,0,0,0,0,0,0,0,0,0,0,0,0,0,0,0,0,0,0,ShakeHold
0,72,130,149,160,166,187,207,261,339,415,463,484,505,535,567,590,601,624,649,673,693,711,719,722,728,740,748,752,757,764,761,760,764,771,778,783,781,770,773,774,774,775,771,753,722,689,690,694,697,692,685,660,621,538,483,426,372,241,190,23,0,0,0,0,0,0,0,0,0,0,0,0,0,0,0,0,0,0,0,0,0,0,0,0,0,0,0,0,0,0,0,0,0,0,0,0,0,0,0,0,0,0,0,0,0,0,0,0,0,0,0,0,0,27,80,257,339,400,426,518,531,560,545,547,560,617,588,545,622,650,664,685,714,689,578,657,620,624,668,631,693,700,696,618,636,617,620,564,583,546,525,436,342,31,20,0,0,0,0,0,0,0,0,0,0,0,0,0,0,0,0,0,0,0,0,0,0,0,0,0,0,0,0,0,0,0,0,0,0,0,0,0,0,0,0,0,0,0,0,ShakeHold
0,75,86,136,206,232,262,340,379,417,478,502,505,509,528,570,589,608,623,656,660,672,681,702,712,719,725,728,736,738,722,719,719,719,718,727,719,681,670,670,672,675,669,647,645,637,611,541,462,443,398,309,282,254,62,2,0,0,0,0,3,0,0,0,0,0,0,0,0,0,0,0,0,0,0,0,0,0,0,0,0,0,0,0,0,0,0,0,0,0,0,0,0,0,0,0,0,0,0,0,0,0,0,0,0,0,0,0,0,0,0,0,107,193,257,337,372,359,404,372,411,427,435,447,410,512,475,521,519,513,495,527,479,481,492,493,482,499,490,473,489,503,459,435,420,409,385,291,244,215,140,90,0,0,0,0,0,0,0,0,0,0,0,0,0,0,0,0,0,0,0,0,0,0,0,0,0,0,0,0,0,0,0,0,0,0,0,0,0,0,0,0,0,0,0,0,0,0,0,0,ShakeHold
0,3,0,0,0,0,0,0,0,0,0,0,0,0,0,0,0,0,0,0,0,0,0,0,0,0,0,0,0,0,0,0,0,0,0,0,0,0,0,0,0,0,0,0,0,0,0,0,0,0,0,0,0,0,0,0,0,0,0,0,0,0,0,0,0,0,0,0,0,0,0,0,0,0,0,0,0,46,47,187,272,338,382,427,512,579,616,643,666,675,679,695,707,714,722,731,731,737,752,766,0,0,0,0,0,0,0,0,0,0,0,0,0,0,0,0,0,0,0,0,0,0,0,0,0,0,0,0,0,0,0,0,0,0,0,0,0,0,0,0,0,0,0,0,0,0,0,0,0,0,0,0,0,0,0,0,0,0,0,0,0,0,0,0,0,0,0,0,0,0,0,0,0,0,0,0,0,0,0,0,0,0,5,44,247,385,465,535,526,588,577,587,564,615,645,595,605,640,659,691,ShakeHold
0,46,47,187,272,338,382,427,512,579,616,643,666,675,679,695,707,714,722,731,731,737,752,766,775,783,787,790,791,793,795,788,784,783,788,795,800,801,802,800,799,799,795,787,777,763,754,748,738,723,715,688,669,667,655,649,633,603,572,524,452,417,381,295,177,144,87,29,0,0,0,0,0,0,0,0,0,0,0,0,0,0,0,0,0,0,0,0,0,0,0,0,0,0,0,0,0,0,0,0,0,0,0,0,0,0,5,44,247,385,465,535,526,588,577,587,564,615,645,595,605,640,659,691,637,717,706,654,726,721,694,672,673,653,736,740,692,755,738,749,744,740,739,645,643,627,634,636,587,657,575,578,555,505,508,471,414,321,197,100,0,0,0,0,0,1,0,0,1,0,0,0,0,0,0,0,0,0,0,0,0,0,0,0,0,0,0,0,0,0,0,0,0,0,0,0,0,0,0,0,ShakeHold
0,176,263,321,416,472,490,509,515,539,552,563,572,580,588,595,598,601,610,613,622,621,619,615,613,615,616,623,633,644,650,657,664,661,657,633,616,615,619,649,671,681,679,678,676,673,658,637,635,616,573,483,409,378,294,230,0,0,0,0,0,0,0,0,0,0,0,0,0,0,0,0,0,0,0,0,0,0,0,0,0,0,0,0,0,0,0,0,0,0,0,0,0,0,0,0,0,0,0,0,0,0,0,0,0,0,0,94,142,244,286,328,334,353,344,378,341,339,386,406,437,410,460,469,494,494,493,469,461,454,434,467,487,503,486,547,565,524,525,522,567,526,504,491,457,437,435,469,437,375,294,143,0,0,0,0,0,0,0,0,0,0,0,0,0,0,0,0,0,0,0,0,0,0,0,0,0,0,0,0,0,0,0,0,0,0,0,0,0,0,0,0,0,0,0,0,0,0,0,0,ShakeHold
0,0,0,0,0,0,0,0,0,0,0,250,395,495,567,628,658,697,710,718,716,719,725,723,719,718,721,719,712,687,664,665,682,699,712,721,707,701,706,716,716,702,662,652,662,671,683,693,715,698,692,692,685,685,676,631,639,656,667,682,701,726,730,736,710,698,684,631,574,506,445,401,293,218,176,100,12,10,18,0,0,0,0,0,0,0,0,0,0,0,0,0,0,0,0,0,0,0,0,0,0,1,0,0,0,0,0,0,0,0,0,0,0,0,0,0,39,216,316,335,331,379,409,449,432,441,430,433,443,497,492,452,463,465,485,527,453,510,501,496,537,580,505,584,565,616,622,635,611,612,541,601,603,613,635,561,628,567,652,597,607,582,628,607,650,592,625,603,519,409,447,388,142,92,76,0,0,0,0,0,0,0,0,0,0,0,0,0,0,0,0,0,0,0,0,0,0,0,0,0,ShakeHold
0,250,395,495,567,628,658,697,710,718,716,719,725,723,719,718,721,719,712,687,664,665,682,699,712,721,707,701,706,716,716,702,662,652,662,671,683,693,715,698,692,692,685,685,676,631,639,656,667,682,701,726,730,736,710,698,684,631,574,506,445,401,293,218,176,100,12,10,18,0,0,0,0,0,0,0,0,0,0,0,0,0,0,0,0,0,0,0,0,0,0,0,0,0,0,0,0,0,0,0,0,0,0,0,0,0,39,216,316,335,331,379,409,449,432,441,430,433,443,497,492,452,463,465,485,527,453,510,501,496,537,580,505,584,565,616,622,635,611,612,541,601,603,613,635,561,628,567,652,597,607,582,628,607,650,592,625,603,519,409,447,388,142,92,76,0,0,0,0,0,0,0,0,0,0,0,0,0,0,0,0,0,0,0,0,0,0,0,0,0,0,0,0,0,0,0,0,0,0,0,ShakeHold
0,1,46,59,175,280,300,348,396,399,404,421,417,450,474,488,500,527,548,561,575,583,592,599,601,610,620,642,661,667,671,678,681,696,703,707,699,696,680,676,663,660,643,604,585,491,425,386,366,254,40,0,0,0,0,0,0,0,0,0,0,0,0,0,0,0,0,0,0,0,0,0,0,0,0,0,0,0,0,0,0,0,0,0,0,0,0,0,0,0,0,0,0,0,0,0,0,0,0,0,0,0,0,0,0,0,0,0,0,0,0,0,0,0,0,0,0,66,91,143,228,267,285,310,314,344,345,360,346,398,399,416,471,511,515,529,506,461,455,395,371,370,355,273,128,0,0,0,0,0,0,0,0,0,0,0,0,0,0,0,0,0,0,0,0,0,0,0,0,0,0,0,0,0,0,0,0,0,0,0,0,0,0,0,0,0,0,0,0,0,0,0,0,0,0,0,0,0,0,0,ShakeHold
0,25,67,86,3,22,103,207,244,291,320,325,359,383,398,412,417,429,433,438,452,453,456,467,462,468,468,458,450,455,470,473,483,500,513,526,535,531,542,574,603,600,598,595,584,577,583,584,590,601,602,608,611,596,578,567,523,440,403,349,263,14,77,0,0,0,0,0,0,0,0,0,0,0,0,0,0,0,0,0,0,0,0,0,0,0,0,0,0,0,0,0,0,0,0,0,0,0,0,0,0,0,0,0,0,0,0,0,0,0,0,0,0,0,0,0,0,0,0,0,0,0,0,0,0,0,0,0,0,0,31,76,101,184,208,230,259,248,263,278,283,313,335,384,393,375,340,383,389,446,424,401,352,322,328,286,239,145,36,0,0,0,0,0,0,0,0,0,0,0,0,0,0,0,0,0,0,0,0,0,0,0,0,0,0,0,0,0,0,0,0,0,0,0,0,0,0,0,0,0,ShakeHold
0,35,91,256,349,399,423,437,434,438,451,463,462,470,467,472,508,569,602,622,637,638,637,645,648,650,643,642,633,646,657,678,683,691,709,711,722,736,749,758,759,753,752,757,764,762,751,750,748,747,748,751,749,725,720,718,712,705,698,696,668,654,628,523,452,414,359,289,0,0,0,0,0,0,0,0,0,0,0,0,0,0,0,0,0,0,0,0,0,0,0,0,0,0,0,0,0,0,0,0,0,0,0,0,0,0,0,0,0,0,0,0,0,6,0,0,0,0,0,0,0,0,0,0,0,0,0,0,0,0,0,0,0,0,12,26,167,252,317,339,333,306,318,320,320,295,284,299,294,289,291,285,311,278,287,282,255,183,3,0,0,0,0,0,0,0,0,0,0,0,0,0,0,0,0,0,0,0,0,0,0,0,0,0,0,0,0,0,0,0,0,0,0,0,0,0,0,0,0,0,ShakeHold
0,46,202,222,229,299,341,378,399,396,421,454,480,504,511,513,520,527,532,547,559,562,594,616,632,638,634,624,608,590,574,569,570,563,555,531,503,476,464,432,424,404,373,348,303,295,269,251,237,201,0,0,0,0,0,0,1,0,0,0,0,0,0,0,0,0,0,0,0,0,0,0,0,0,0,0,0,0,0,0,0,0,0,0,0,0,0,0,0,0,0,0,0,0,0,0,0,0,0,0,0,0,0,0,1,0,0,0,0,0,0,15,18,36,83,91,128,146,163,184,229,249,302,289,287,281,331,313,346,301,324,323,273,249,184,128,78,65,0,0,0,0,0,0,0,0,0,0,0,0,0,0,0,0,0,0,0,0,0,0,0,0,0,0,0,0,0,0,0,0,0,0,0,0,0,0,0,0,0,0,0,0,0,0,0,0,0,0,0,0,0,0,0,0,0,0,0,0,0,0,ShakeHold
0,1,0,0,0,0,0,0,0,0,0,0,0,0,0,0,0,0,0,0,0,0,0,0,0,0,0,0,0,0,0,0,0,0,0,0,0,0,0,0,0,0,0,0,0,0,0,0,0,0,0,0,0,0,0,0,0,0,0,0,0,0,0,0,0,0,0,0,0,0,0,0,0,0,0,0,0,0,0,0,0,0,0,0,0,0,0,0,0,0,0,0,0,0,78,100,218,295,314,346,0,0,0,0,0,0,0,0,0,0,0,0,0,0,0,0,0,0,0,0,0,0,0,0,0,0,0,0,0,0,0,0,0,0,0,0,0,0,0,0,0,0,0,0,0,0,0,0,0,0,0,0,0,0,0,0,0,0,0,0,0,0,0,0,0,0,0,0,0,0,0,0,0,0,0,0,0,0,0,0,0,0,0,0,0,0,0,0,0,0,0,0,0,0,0,0,0,0,0,0,ShakeHold
0,78,100,218,295,314,346,422,496,528,544,556,568,556,528,521,501,505,496,503,516,522,522,533,535,538,538,500,487,463,450,448,460,430,442,475,475,498,504,538,543,534,500,484,471,465,466,464,483,489,508,522,535,542,542,522,486,462,460,459,459,422,390,397,379,354,174,18,0,0,0,0,0,0,0,0,0,0,0,0,0,0,0,0,0,0,0,0,0,0,0,0,0,0,0,0,0,0,0,0,0,0,0,0,0,0,0,0,0,0,50,127,197,216,235,223,244,262,281,334,355,349,327,355,404,364,403,395,364,324,324,338,336,300,365,347,348,412,426,422,407,341,333,298,257,284,310,289,367,355,370,353,312,336,316,233,133,142,166,171,176,187,166,117,0,0,0,0,0,0,0,0,0,0,0,0,0,0,0,0,0,0,0,0,0,0,0,0,0,0,0,0,0,0,0,0,0,0,0,0,ShakeHold
0,92,192,281,395,403,411,410,415,431,424,418,429,494,539,571,589,601,607,614,626,644,658,667,677,684,688,696,706,727,739,743,753,758,762,766,764,759,756,754,750,728,708,678,631,548,411,416,409,368,258,15,0,0,0,0,0,0,0,0,0,0,0,0,0,0,0,0,0,0,0,0,0,0,0,0,0,0,0,0,0,0,0,0,0,0,0,0,0,0,0,0,0,0,0,0,0,0,0,0,0,0,0,0,0,0,0,0,0,0,0,5,0,0,3,50,121,196,244,299,288,372,378,427,428,435,446,455,474,468,488,513,531,552,465,608,543,582,561,551,517,430,421,383,335,112,0,0,0,0,0,0,4,0,0,0,0,0,0,0,0,0,0,0,0,0,0,0,0,0,0,0,0,0,0,0,0,0,0,0,0,0,0,0,0,0,0,0,0,0,0,0,0,0,0,0,0,0,0,0,ShakeHold
0,130,157,199,269,323,380,409,430,426,450,483,499,511,539,570,594,609,629,634,640,646,648,653,659,662,662,655,637,594,548,525,439,417,374,239,0,0,0,0,0,0,0,0,0,0,0,0,0,0,0,0,0,0,0,0,0,0,0,0,0,0,0,0,0,0,0,0,0,0,0,0,0,0,0,0,0,0,0,0,0,0,0,0,0,0,0,0,0,0,0,0,0,0,0,0,0,0,0,199,0,0,0,0,0,0,0,0,0,0,0,0,0,0,0,0,0,0,37,92,138,157,174,164,163,172,146,141,66,0,0,0,0,0,0,0,0,0,0,0,0,0,0,0,0,0,0,0,0,0,0,0,0,0,0,0,0,0,0,0,0,0,0,0,0,0,0,0,0,0,0,0,0,0,0,0,0,0,0,0,0,0,0,0,0,0,0,0,0,0,0,0,0,0,0,0,0,0,0,2,ShakeHold
0,199,238,267,333,401,444,471,490,497,512,543,560,568,571,572,571,580,579,573,549,479,461,461,473,500,489,479,391,348,281,226,95,74,0,0,0,0,0,0,0,0,0,0,0,0,0,0,0,0,0,0,0,0,0,0,0,0,0,0,0,0,0,0,0,0,0,0,0,0,0,0,0,0,0,0,0,0,0,0,0,0,0,0,0,0,0,0,0,0,0,0,0,0,0,0,0,0,0,0,0,2,0,0,0,0,0,0,0,1,0,0,0,0,0,0,0,0,0,0,0,0,0,0,0,0,0,0,0,0,0,0,0,0,0,0,0,0,0,0,0,0,0,0,0,0,0,0,0,0,0,0,0,0,0,0,0,0,0,0,0,0,0,0,0,0,0,0,0,0,0,0,0,0,0,0,0,0,0,0,0,0,0,0,0,0,0,0,0,0,0,0,0,0,0,0,0,0,0,0,ShakeHold
0,3,61,127,189,221,257,272,276,299,313,317,315,332,377,416,428,429,427,410,379,357,330,291,279,287,313,322,335,302,295,323,296,220,105,0,0,0,0,0,0,0,0,0,0,0,0,0,0,0,0,0,0,0,0,0,0,0,0,0,0,0,0,0,0,0,0,0,0,0,0,0,0,0,0,0,0,0,0,0,0,0,0,0,0,0,0,0,0,0,0,0,0,0,0,0,0,0,0,0,0,0,0,0,0,0,0,0,0,0,0,0,0,0,0,0,0,0,0,0,0,0,0,0,0,0,0,0,0,0,0,0,0,0,0,0,0,0,0,0,0,0,0,0,0,0,0,0,0,0,0,0,0,0,0,0,0,0,0,0,0,0,0,0,0,0,0,0,0,0,0,0,0,0,0,0,0,0,0,0,0,0,0,0,0,0,0,0,0,0,0,0,0,0,0,0,0,0,0,0,ShakeHold
0,6,79,156,213,224,307,370,415,434,458,468,473,478,480,484,483,485,483,478,479,469,448,440,442,437,412,369,287,211,65,0,0,0,0,0,0,0,0,0,0,0,0,0,0,0,0,0,0,0,0,0,0,0,0,0,0,0,0,0,0,0,0,0,0,0,0,0,0,0,0,0,0,0,0,0,0,0,0,0,0,0,0,0,0,0,0,0,0,0,0,0,0,0,0,0,0,0,0,0,0,0,0,0,0,0,0,0,1,0,0,0,0,0,0,0,0,0,0,0,0,1,1,0,0,1,0,0,0,0,0,0,0,0,0,0,0,0,0,0,0,0,0,0,0,0,0,0,0,0,0,0,0,0,0,0,0,0,0,0,0,0,0,0,0,0,0,0,0,0,0,0,0,0,0,0,0,0,0,0,0,0,0,0,0,0,0,0,0,0,0,0,0,0,0,0,0,0,0,0,ShakeHold
0,41,246,341,398,411,416,438,452,455,512,560,579,588,585,591,608,613,619,631,640,646,654,672,687,695,698,701,704,704,705,701,691,655,613,553,481,438,396,266,85,0,0,0,0,0,0,0,0,0,0,0,0,0,0,0,0,0,0,0,0,0,0,0,0,0,0,0,0,0,0,0,0,0,0,0,0,0,0,0,0,0,0,0,0,0,0,0,0,0,0,0,0,0,0,0,0,0,0,0,0,0,0,0,0,0,0,0,0,0,0,0,0,0,0,0,0,0,0,1,0,113,156,241,270,238,266,257,256,250,206,292,171,148,92,0,0,0,0,0,0,0,0,0,0,0,0,0,0,0,0,0,0,0,0,0,0,0,0,0,0,0,0,0,0,0,0,0,0,0,0,0,0,0,0,0,0,0,0,0,0,0,0,0,0,0,0,0,0,0,0,0,0,0,0,0,0,0,0,0,ShakeHold
0,105,106,93,93,98,171,189,192,172,126,127,197,247,272,283,294,293,291,292,296,301,303,314,328,336,355,373,401,442,465,464,454,443,440,445,461,480,488,492,495,485,466,467,467,409,354,287,133,115,0,0,0,0,0,0,0,0,0,0,0,0,0,0,0,0,0,0,0,0,0,0,0,0,0,0,0,0,0,0,0,0,0,0,0,0,0,0,0,0,0,0,0,0,0,0,0,0,0,0,0,0,0,0,0,0,0,0,0,0,0,0,0,0,0,0,0,0,0,0,0,0,0,0,0,0,0,0,0,0,0,0,0,0,0,0,0,0,0,0,1,0,0,0,0,0,0,0,0,0,0,0,0,0,0,0,0,0,0,0,0,0,0,0,0,0,0,0,0,0,0,0,0,0,0,0,0,0,0,0,0,0,0,0,0,0,0,0,0,0,0,0,0,0,0,0,0,0,0,0,ShakeHold
0,233,299,414,505,562,611,636,660,673,686,713,733,745,754,764,772,779,788,795,798,799,800,800,803,804,806,811,814,815,816,813,815,816,820,823,823,823,824,820,823,828,833,837,839,839,837,833,828,822,820,818,816,814,805,794,782,768,738,676,600,473,245,56,0,0,0,0,0,0,0,0,0,0,0,0,0,0,0,0,0,0,0,0,0,0,0,0,0,0,0,0,0,0,0,0,0,0,0,0,0,0,0,0,0,0,0,0,0,4,0,0,0,77,195,264,300,313,311,348,373,385,386,430,373,456,469,471,487,512,490,541,501,489,494,483,560,469,569,549,565,538,581,510,550,585,570,570,555,558,547,615,568,534,559,445,411,280,247,122,0,0,0,0,0,0,0,0,0,0,0,0,0,0,0,0,0,0,0,0,0,0,0,0,0,0,0,0,0,0,0,0,0,0,0,0,0,0,0,0,ShakeHold
0,2,0,0,0,0,0,97,112,121,122,125,134,135,133,119,71,63,91,107,115,122,137,139,142,144,139,101,0,0,0,0,0,0,0,0,0,0,0,0,0,0,0,0,0,0,0,0,0,0,0,0,0,0,0,0,0,0,0,0,0,0,0,0,0,0,0,0,0,0,0,0,0,0,0,0,0,0,0,0,0,0,0,0,0,0,0,0,0,0,0,0,0,0,0,0,0,0,0,0,0,0,0,0,0,0,0,0,0,0,0,0,0,0,0,0,0,0,0,0,0,0,0,0,0,0,0,3,0,0,0,0,0,0,0,0,0,0,0,0,0,0,0,0,0,0,0,0,0,0,0,0,0,0,0,0,0,0,0,0,0,0,0,0,0,0,0,0,0,0,0,0,0,0,0,0,0,0,0,0,0,0,0,0,0,0,0,0,0,0,0,0,0,0,0,0,0,0,0,0,ShakeHold
0,97,112,121,122,125,134,135,133,119,71,63,91,107,115,122,137,139,142,144,139,101,0,0,0,0,0,0,0,0,0,0,0,0,0,0,0,0,0,0,0,0,0,0,0,0,0,0,0,0,0,0,0,0,0,0,0,0,0,0,0,0,0,0,0,0,0,0,0,0,0,0,0,0,0,0,0,0,0,0,0,0,0,0,0,0,0,0,0,0,0,0,0,0,0,0,0,0,0,0,0,0,0,0,0,0,0,0,0,0,0,0,0,0,0,0,0,0,0,0,0,3,0,0,0,0,0,0,0,0,0,0,0,0,0,0,0,0,0,0,0,0,0,0,0,0,0,0,0,0,0,0,0,0,0,0,0,0,0,0,0,0,0,0,0,0,0,0,0,0,0,0,0,0,0,0,0,0,0,0,0,0,0,0,0,0,0,0,0,0,0,0,0,0,0,0,0,0,0,0,ShakeHold
0,175,225,292,323,353,403,429,463,506,553,572,583,591,600,604,611,616,634,648,664,682,696,714,723,731,736,745,749,753,749,748,751,757,764,763,758,751,731,702,665,648,625,575,502,412,238,185,84,0,0,0,0,0,0,0,0,0,0,0,0,0,0,0,0,0,0,0,0,0,0,0,0,0,0,0,0,0,0,0,0,0,0,0,0,0,0,0,0,0,0,0,0,0,0,0,0,0,0,0,0,0,0,0,0,0,0,0,0,0,0,0,2,0,0,0,0,0,0,1,0,0,0,14,54,93,109,113,134,180,180,194,176,193,225,204,210,202,116,0,0,0,0,0,0,0,0,0,0,0,0,0,0,0,0,0,0,0,0,0,0,0,0,0,0,0,0,0,0,0,0,0,0,0,0,0,0,0,0,0,0,0,0,0,0,0,0,0,0,0,0,0,0,0,0,0,0,0,0,0,ShakeHold
0,56,83,23,0,0,0,0,0,0,0,0,0,0,1,0,150,234,304,389,498,542,567,607,661,693,732,765,797,817,830,837,843,850,856,862,865,869,871,873,875,876,875,875,873,869,864,858,846,824,805,773,743,710,668,598,518,435,187,10,0,0,0,0,0,0,0,0,0,0,0,0,0,0,0,0,0,0,0,0,0,0,0,0,0,0,0,0,0,0,0,0,0,0,0,0,0,0,0,0,0,0,0,0,0,0,0,0,0,0,0,0,0,0,0,0,0,0,0,0,0,0,0,0,0,1,141,256,313,388,438,485,505,578,557,539,536,676,644,660,660,630,685,680,706,682,653,560,558,535,343,323,255,166,9,1,0,0,0,0,2,0,0,0,0,0,0,0,0,0,0,0,0,0,0,0,0,0,0,0,0,0,0,0,0,0,0,0,0,0,0,0,0,0,0,0,0,0,0,0,ShakeHold
0,1,0,150,234,304,389,498,542,567,607,661,693,732,765,797,817,830,837,843,850,856,862,865,869,871,873,875,876,875,875,873,869,864,858,846,824,805,773,743,710,668,598,518,435,187,10,0,0,0,0,0,0,0,0,0,0,0,0,0,0,0,0,0,0,0,0,0,0,0,0,0,0,0,0,0,0,0,0,0,0,0,0,0,0,0,0,0,0,0,0,0,0,0,0,0,0,0,0,0,0,0,0,0,0,0,0,0,0,0,0,0,1,141,256,313,388,438,485,505,578,557,539,536,676,644,660,660,630,685,680,706,682,653,560,558,535,343,323,255,166,9,1,0,0,0,0,2,0,0,0,0,0,0,0,0,0,0,0,0,0,0,0,0,0,0,0,0,0,0,0,0,0,0,0,0,0,0,0,0,0,0,0,0,0,0,0,0,0,0,0,0,0,0,0,0,0,0,0,0,ShakeHold
0,150,234,304,389,498,542,567,607,661,693,732,765,797,817,830,837,843,850,856,862,865,869,871,873,875,876,875,875,873,869,864,858,846,824,805,773,743,710,668,598,518,435,187,10,0,0,0,0,0,0,0,0,0,0,0,0,0,0,0,0,0,0,0,0,0,0,0,0,0,0,0,0,0,0,0,0,0,0,0,0,0,0,0,0,0,0,0,0,0,0,0,0,0,0,0,0,0,0,0,0,0,0,0,0,0,0,0,0,0,1,141,256,313,388,438,485,505,578,557,539,536,676,644,660,660,630,685,680,706,682,653,560,558,535,343,323,255,166,9,1,0,0,0,0,2,0,0,0,0,0,0,0,0,0,0,0,0,0,0,0,0,0,0,0,0,0,0,0,0,0,0,0,0,0,0,0,0,0,0,0,0,0,0,0,0,0,0,0,0,0,0,0,0,0,0,0,0,0,0,ShakeHold
0,40,145,149,285,309,317,320,313,304,265,250,184,144,196,280,356,396,449,491,516,520,534,539,537,528,525,531,533,541,542,540,528,502,481,457,448,412,374,360,364,361,292,200,156,109,80,3,0,0,0,0,0,0,0,0,0,0,0,0,0,0,0,0,0,0,0,0,0,0,0,0,0,0,0,0,0,0,0,0,0,0,0,0,0,0,0,0,0,0,0,0,0,0,0,0,0,0,0,0,0,0,0,0,0,0,0,0,0,0,0,0,0,0,0,0,0,0,0,0,0,0,0,0,0,47,63,65,52,0,0,0,0,0,0,0,0,0,0,0,0,0,0,0,0,0,0,0,0,0,0,0,0,0,0,0,0,0,0,0,0,0,0,0,0,0,0,0,0,0,0,0,0,0,0,0,0,0,0,0,0,0,0,0,0,0,0,0,0,0,0,0,0,0,0,0,0,0,0,0,ShakeHold
0,10,77,157,211,237,249,262,270,277,279,280,282,282,289,307,321,320,310,317,345,384,407,416,429,441,457,477,504,515,527,527,525,522,526,529,526,510,486,485,497,516,531,537,539,535,535,533,533,530,513,466,392,358,314,214,0,0,0,0,0,0,0,0,0,0,0,0,0,0,0,0,0,0,0,0,0,0,0,0,0,0,0,0,0,0,0,0,0,0,0,0,0,0,0,0,0,0,0,0,0,0,0,0,0,0,0,0,0,0,0,0,0,0,0,0,0,0,0,0,0,0,0,0,0,67,145,271,299,284,359,332,315,346,346,312,279,171,120,133,210,290,316,334,296,329,301,286,192,153,109,29,0,0,0,0,0,1,0,0,0,0,0,0,0,0,0,0,0,0,0,0,0,0,0,0,0,0,0,0,0,0,0,0,0,0,0,0,0,0,0,0,0,0,0,0,0,0,0,0,ShakeHold
0,33,108,225,277,332,384,443,484,532,563,590,616,636,650,658,668,673,684,694,704,714,718,723,724,728,731,735,741,751,756,764,767,769,772,773,772,769,770,776,775,771,760,751,744,742,716,700,688,676,667,664,653,632,600,567,514,394,339,131,0,0,0,0,0,0,0,0,0,0,0,0,0,0,0,0,0,0,0,0,0,0,0,0,0,0,0,0,0,0,0,0,0,0,0,0,0,0,0,0,0,0,0,0,1,0,0,0,0,0,53,140,213,272,345,398,416,382,426,412,498,526,476,554,545,564,555,527,607,572,627,619,589,637,584,603,593,619,639,614,623,614,608,565,533,525,492,454,449,428,416,405,303,242,147,0,0,0,0,0,0,0,0,0,0,0,0,0,0,0,0,0,0,0,0,0,0,0,0,0,0,0,0,0,0,0,0,0,0,0,0,0,0,0,0,0,0,0,0,0,ShakeHold
0,0,0,0,0,0,0,0,0,0,0,0,0,0,0,0,0,0,0,0,0,0,20,59,74,75,87,101,109,147,165,173,184,193,200,212,203,192,177,203,234,268,294,289,295,280,288,282,267,224,223,222,242,240,215,186,148,122,0,0,0,0,0,0,0,0,0,0,0,0,0,0,0,0,0,0,0,0,0,0,0,0,0,0,0,0,0,0,0,0,0,0,0,0,0,0,0,0,0,0,0,1,0,0,0,0,0,0,0,0,1,0,0,0,2,0,0,0,0,0,0,1,0,0,0,0,0,0,0,0,0,0,0,0,0,0,0,0,0,0,0,0,0,0,0,0,0,0,0,0,0,0,0,0,0,0,0,0,0,0,0,0,0,0,0,0,0,0,0,0,0,0,0,0,0,0,0,0,0,0,0,0,0,0,0,0,0,0,0,0,0,0,0,0,0,0,0,0,0,0,ShakeHold
0,0,0,0,0,0,0,0,0,0,0,0,0,20,59,74,75,87,101,109,147,165,173,184,193,200,212,203,192,177,203,234,268,294,289,295,280,288,282,267,224,223,222,242,240,215,186,148,122,0,0,0,0,0,0,0,0,0,0,0,0,0,0,0,0,0,0,0,0,0,0,0,0,0,0,0,0,0,0,0,0,0,0,0,0,0,0,0,0,0,0,0,0,0,0,0,0,0,0,0,0,1,0,0,0,2,0,0,0,0,0,0,1,0,0,0,0,0,0,0,0,0,0,0,0,0,0,0,0,0,0,0,0,0,0,0,0,0,0,0,0,0,0,0,0,0,0,0,0,0,0,0,0,0,0,0,0,0,0,0,0,0,0,0,0,0,0,0,0,0,0,0,0,0,0,0,0,0,0,0,0,0,0,0,0,0,0,0,0,0,0,0,0,0,0,0,0,0,0,0,ShakeHold
0,0,0,0,0,0,0,0,0,20,59,74,75,87,101,109,147,165,173,184,193,200,212,203,192,177,203,234,268,294,289,295,280,288,282,267,224,223,222,242,240,215,186,148,122,0,0,0,0,0,0,0,0,0,0,0,0,0,0,0,0,0,0,0,0,0,0,0,0,0,0,0,0,0,0,0,0,0,0,0,0,0,0,0,0,0,0,0,0,0,0,0,0,0,0,0,0,0,0,0,0,2,0,0,0,0,0,0,1,0,0,0,0,0,0,0,0,0,0,0,0,0,0,0,0,0,0,0,0,0,0,0,0,0,0,0,0,0,0,0,0,0,0,0,0,0,0,0,0,0,0,0,0,0,0,0,0,0,0,0,0,0,0,0,0,0,0,0,0,0,0,0,0,0,0,0,0,0,0,0,0,0,0,0,0,0,0,0,0,0,0,0,0,0,0,0,0,0,0,0,ShakeHold
0,0,20,59,74,75,87,101,109,147,165,173,184,193,200,212,203,192,177,203,234,268,294,289,295,280,288,282,267,224,223,222,242,240,215,186,148,122,0,0,0,0,0,0,0,0,0,0,0,0,0,0,0,0,0,0,0,0,0,0,0,0,0,0,0,0,0,0,0,0,0,0,0,0,0,0,0,0,0,0,0,0,0,0,0,0,0,0,0,0,0,0,0,0,0,0,0,0,0,0,0,1,0,0,0,0,0,0,0,0,0,0,0,0,0,0,0,0,0,0,0,0,0,0,0,0,0,0,0,0,0,0,0,0,0,0,0,0,0,0,0,0,0,0,0,0,0,0,0,0,0,0,0,0,0,0,0,0,0,0,0,0,0,0,0,0,0,0,0,0,0,0,0,0,0,0,0,0,0,0,0,0,0,0,0,0,0,0,0,0,0,0,0,0,0,0,0,0,0,0,ShakeHold
0,154,212,262,314,341,361,371,383,392,407,427,454,458,455,465,501,512,524,536,544,549,558,560,564,571,584,594,598,596,585,570,530,436,432,433,426,367,310,222,189,159,121,83,0,1,0,0,0,0,0,0,0,0,0,0,0,0,0,0,0,0,0,0,0,0,0,0,0,0,0,0,0,0,0,0,0,0,0,0,0,0,0,0,0,0,0,0,0,0,0,0,0,0,0,0,0,0,0,0,0,0,0,0,0,0,0,0,0,0,0,0,0,0,0,0,0,0,0,0,0,0,0,1,0,0,0,0,0,1,0,0,0,0,0,1,0,0,0,0,0,0,0,0,0,0,0,0,0,0,0,0,0,0,0,0,0,0,0,0,0,0,0,0,0,0,0,0,0,0,0,0,0,0,0,0,0,0,0,0,0,0,0,0,0,0,0,0,0,0,0,0,0,0,0,0,0,0,0,0,ShakeHold
0,118,181,267,345,435,460,476,515,564,579,577,588,601,618,624,634,640,645,644,649,651,662,678,681,684,685,687,689,689,688,692,699,704,705,698,704,710,714,721,718,707,704,706,711,718,720,720,720,719,714,712,715,716,714,714,711,713,711,700,651,620,602,584,553,521,466,431,402,360,267,0,0,0,0,0,0,0,0,0,0,0,0,0,0,0,0,0,0,0,0,0,0,0,0,0,0,0,0,0,0,0,0,0,0,0,0,0,0,0,0,0,0,0,0,0,0,0,0,0,0,0,0,0,0,0,0,0,0,1,42,48,52,46,50,17,34,43,56,61,71,87,70,95,99,76,95,109,116,102,117,113,115,111,129,114,97,96,99,89,71,61,34,0,0,0,0,0,0,0,0,0,0,0,0,0,0,0,0,0,0,0,0,0,0,0,0,0,0,0,0,0,0,0,0,0,0,0,0,0,ShakeHold
0,123,173,183,176,208,291,329,336,356,371,373,368,365,364,369,392,393,389,378,391,393,424,433,453,451,443,381,354,348,362,408,422,407,393,415,421,436,455,453,415,361,319,327,348,380,384,399,415,412,386,347,270,179,120,84,0,0,0,0,0,0,0,0,0,0,0,0,0,0,0,0,0,0,0,0,0,0,0,0,0,0,0,0,0,0,0,0,0,0,0,0,0,0,0,0,0,0,0,0,0,0,0,0,0,0,0,0,0,0,0,0,0,0,0,0,0,0,0,0,0,0,0,0,0,0,0,0,0,0,0,0,0,0,0,0,0,0,0,0,0,0,0,0,1,0,0,0,0,0,0,0,0,0,0,0,0,0,0,0,0,0,0,0,0,0,0,0,0,0,0,0,0,0,0,0,0,0,0,0,0,0,0,0,0,0,0,0,0,0,0,0,0,0,0,0,0,0,0,0,ShakeHold
0,3,20,31,34,38,45,69,81,93,115,107,122,110,102,98,109,117,115,116,125,124,126,131,162,175,180,195,208,219,227,218,204,195,195,208,191,202,182,181,174,182,179,161,129,134,138,115,79,75,71,64,49,42,0,0,0,0,0,0,0,0,0,0,0,0,0,0,0,0,0,0,0,0,0,0,0,0,0,0,0,0,0,0,0,0,0,0,0,0,0,0,0,0,0,0,0,0,0,0,0,0,0,3,0,0,0,0,0,0,0,0,0,0,0,0,0,0,0,0,0,0,0,0,0,6,0,0,0,0,0,0,0,0,0,0,0,0,0,0,0,0,0,0,0,0,0,0,0,0,0,0,0,0,0,0,0,0,0,0,0,0,0,0,0,0,0,0,0,0,0,0,0,0,0,0,0,0,0,0,0,0,0,0,0,0,0,0,0,0,0,0,0,0,0,0,0,0,0,0,ShakeHold
0,141,201,319,388,407,408,468,500,545,566,583,594,608,610,599,595,602,616,625,642,653,657,656,659,668,679,685,688,683,678,691,701,710,720,720,719,719,716,703,694,681,681,683,686,690,690,681,675,668,655,616,608,592,548,509,498,498,503,504,448,434,438,434,408,405,374,288,233,204,122,0,0,0,0,0,0,0,0,0,0,0,0,0,0,0,0,0,0,0,0,0,0,0,0,0,0,0,0,0,0,0,0,0,0,1,0,0,0,7,153,207,204,297,289,285,318,377,394,397,404,405,406,415,419,423,435,473,483,500,500,502,496,473,476,482,488,489,510,525,525,513,519,528,520,501,461,453,448,438,419,369,335,234,10,36,0,0,0,0,0,0,0,0,0,0,0,0,0,0,0,0,0,0,0,0,0,0,0,0,0,0,0,0,0,0,0,0,0,0,0,0,0,0,0,0,0,0,0,0,ShakeHold
0,28,48,62,96,143,154,148,149,156,160,170,185,193,206,223,227,243,238,241,256,274,287,279,267,273,267,278,299,314,329,340,334,328,342,358,367,359,345,343,323,329,344,372,386,364,378,381,388,402,410,390,372,358,379,391,403,416,431,434,417,406,431,453,441,422,413,388,350,300,227,200,162,118,65,107,60,27,0,0,0,0,0,0,0,0,0,0,0,0,0,0,0,0,0,0,0,0,0,0,0,0,0,0,0,0,0,0,0,0,0,0,0,0,0,0,0,0,0,0,0,0,0,0,0,0,0,0,0,0,3,0,0,0,0,0,0,0,0,0,0,0,0,0,0,0,0,0,0,0,0,0,0,0,0,0,0,0,0,0,0,0,0,0,0,0,0,0,0,0,0,0,0,0,0,0,0,0,0,0,0,0,0,0,0,0,0,0,0,0,0,0,0,0,0,0,0,0,0,0,ShakeHold
0,1,0,0,0,62,118,155,174,206,228,252,269,280,315,344,357,375,379,389,397,402,409,419,422,428,428,415,397,358,361,340,324,335,355,379,381,387,361,295,273,275,297,324,371,402,418,423,421,430,360,270,201,196,200,193,196,204,208,203,203,197,164,120,0,0,0,0,0,0,0,0,0,0,0,0,0,0,0,0,0,0,0,0,0,0,0,0,0,0,0,0,0,0,0,0,0,0,0,0,0,0,0,0,0,0,0,0,0,0,0,0,0,0,0,0,1,2,0,0,0,0,12,45,50,59,57,49,26,6,2,5,36,34,29,25,0,0,0,0,0,0,0,4,42,43,31,31,20,29,19,0,0,0,0,0,0,0,0,0,0,0,0,0,0,0,0,0,0,0,0,0,0,0,0,0,0,0,0,0,0,0,0,0,0,0,0,0,0,0,0,0,0,0,0,0,0,0,0,0,ShakeHold
0,62,118,155,174,206,228,252,269,280,315,344,357,375,379,389,397,402,409,419,422,428,428,415,397,358,361,340,324,335,355,379,381,387,361,295,273,275,297,324,371,402,418,423,421,430,360,270,201,196,200,193,196,204,208,203,203,197,164,120,0,0,0,0,0,0,0,0,0,0,0,0,0,0,0,0,0,0,0,0,0,0,0,0,0,0,0,0,0,0,0,0,0,0,0,0,0,0,0,0,0,0,0,0,0,0,0,0,0,0,0,0,1,2,0,0,0,0,12,45,50,59,57,49,26,6,2,5,36,34,29,25,0,0,0,0,0,0,0,4,42,43,31,31,20,29,19,0,0,0,0,0,0,0,0,0,0,0,0,0,0,0,0,0,0,0,0,0,0,0,0,0,0,0,0,0,0,0,0,0,0,0,0,0,0,0,0,0,0,0,0,0,0,0,0,0,0,0,0,0,ShakeHold
0,82,228,302,338,363,388,391,392,397,398,405,407,403,415,415,429,433,433,446,465,476,497,508,506,505,499,476,477,474,483,490,466,470,452,445,443,425,377,256,53,0,0,0,0,0,0,0,0,0,0,0,0,0,0,0,0,0,0,0,0,0,0,0,0,0,0,0,0,0,0,0,0,0,0,0,0,0,0,0,0,0,0,0,0,0,0,0,0,0,0,0,0,0,0,0,0,0,0,0,0,0,0,0,0,0,0,0,0,0,0,0,0,0,0,0,0,0,1,46,22,37,53,88,99,94,41,18,0,0,0,0,0,0,0,0,0,0,0,0,0,0,0,0,0,0,0,0,0,0,0,0,0,0,0,0,0,0,0,0,0,0,0,0,0,0,0,0,0,0,0,0,0,0,0,0,0,0,0,0,0,0,0,0,0,0,0,0,0,0,0,0,0,0,0,0,0,0,0,0,ShakeHold
0,0,0,0,0,0,0,0,0,0,0,4,9,31,32,40,54,73,110,126,127,134,140,113,109,155,187,222,224,253,256,257,269,283,301,321,308,282,269,273,251,214,128,98,0,0,0,0,0,0,0,0,0,0,0,0,0,0,0,0,0,0,0,0,0,0,0,0,0,0,0,0,0,0,0,0,0,0,0,0,0,0,0,0,0,0,0,0,0,0,0,0,0,0,0,0,0,0,0,0,0,2,0,2,0,0,0,0,0,0,0,0,0,0,0,0,0,0,0,2,0,0,0,0,0,0,0,0,0,0,0,0,0,0,0,0,0,0,0,0,0,0,0,0,0,0,0,0,0,0,0,0,0,0,0,0,0,0,0,0,0,0,0,0,0,0,0,0,0,0,0,0,0,0,0,0,0,0,0,0,0,0,0,0,0,0,0,0,0,0,0,0,0,0,0,0,0,0,0,0,ShakeHold
0,0,0,0,0,0,0,0,0,4,9,31,32,40,54,73,110,126,127,134,140,113,109,155,187,222,224,253,256,257,269,283,301,321,308,282,269,273,251,214,128,98,0,0,0,0,0,0,0,0,0,0,0,0,0,0,0,0,0,0,0,0,0,0,0,0,0,0,0,0,0,0,0,0,0,0,0,0,0,0,0,0,0,0,0,0,0,0,0,0,0,0,0,0,0,0,0,0,0,0,0,2,0,0,0,0,0,0,0,0,0,0,0,0,0,0,0,2,0,0,0,0,0,0,0,0,0,0,0,0,0,0,0,0,0,0,0,0,0,0,0,0,0,0,0,0,0,0,0,0,0,0,0,0,0,0,0,0,0,0,0,0,0,0,0,0,0,0,0,0,0,0,0,0,0,0,0,0,0,0,0,0,0,0,0,0,0,0,0,0,0,0,0,0,0,0,0,0,0,0,ShakeHold
0,4,9,31,32,40,54,73,110,126,127,134,140,113,109,155,187,222,224,253,256,257,269,283,301,321,308,282,269,273,251,214,128,98,0,0,0,0,0,0,0,0,0,0,0,0,0,0,0,0,0,0,0,0,0,0,0,0,0,0,0,0,0,0,0,0,0,0,0,0,0,0,0,0,0,0,0,0,0,0,0,0,0,0,0,0,0,0,0,0,0,0,0,0,0,0,0,0,0,0,0,0,0,0,0,0,0,0,0,2,0,0,0,0,0,0,0,0,0,0,0,0,0,0,0,0,0,0,0,0,0,0,0,0,0,0,0,0,0,0,0,0,0,0,0,0,0,0,0,0,0,0,0,0,0,0,0,0,0,0,0,0,0,0,0,0,0,0,0,0,0,0,0,0,0,0,0,0,0,0,0,0,0,0,0,0,0,0,0,0,0,0,0,0,0,0,0,0,0,0,ShakeHold
0,52,200,197,208,248,289,359,398,438,470,515,536,559,577,586,592,598,600,601,600,601,597,594,588,569,524,458,410,373,294,181,125,120,73,0,0,0,0,0,0,0,0,0,0,0,0,0,0,0,0,0,0,0,0,0,0,0,0,0,0,0,0,0,0,0,0,0,0,0,0,0,0,0,0,0,0,0,0,0,0,0,0,0,0,0,0,0,0,0,0,0,0,0,0,0,0,0,0,0,0,0,0,0,0,0,0,0,0,0,0,0,0,34,71,96,115,170,211,157,182,192,143,133,117,61,0,0,0,0,0,0,0,0,0,0,0,0,0,0,0,0,0,0,0,0,0,0,0,0,0,0,0,0,0,0,0,0,0,0,0,0,0,0,0,0,0,0,0,0,0,0,0,0,0,0,0,0,0,0,0,0,0,0,0,0,0,0,0,0,0,0,0,0,0,0,0,0,0,0,ShakeHold
0,132,178,212,238,260,290,341,381,434,460,476,484,500,510,520,529,530,538,544,556,571,583,588,596,599,605,607,607,604,591,591,607,625,644,652,643,641,643,638,623,567,488,400,289,204,26,20,0,0,0,0,0,0,0,0,0,0,0,0,0,0,0,0,0,0,0,0,0,0,0,0,0,0,0,0,0,0,0,0,0,0,0,0,0,0,0,0,0,0,0,0,0,0,0,0,0,0,0,0,0,0,0,0,0,0,0,0,0,0,0,0,0,0,0,0,0,0,0,0,0,0,0,28,142,157,172,202,176,196,171,178,187,212,244,255,271,250,271,263,221,65,2,0,0,0,0,0,0,0,0,0,0,0,0,0,0,0,0,0,0,0,0,0,0,0,0,0,0,0,0,0,0,0,0,0,0,0,0,0,0,0,0,0,0,0,0,0,0,0,0,0,0,0,0,0,0,0,0,0,ShakeHold
0,24,215,291,343,375,404,420,426,465,525,556,591,602,609,612,619,639,647,652,658,670,674,678,679,681,688,694,694,686,674,661,654,646,634,615,617,617,612,606,592,563,478,413,389,365,318,275,218,3,0,0,0,0,0,0,0,0,0,0,0,0,0,0,0,0,0,0,0,0,0,0,0,0,0,0,0,0,0,0,0,0,0,0,0,0,0,0,0,0,0,0,0,0,0,0,0,0,0,0,0,0,0,0,0,0,0,0,0,0,0,0,0,0,0,72,102,108,155,193,198,226,207,203,254,246,266,271,256,226,215,221,222,207,208,143,77,87,83,16,0,0,0,0,0,0,0,0,0,0,0,0,0,0,0,0,0,0,0,0,0,0,0,0,0,0,0,0,0,0,0,0,0,0,0,0,0,0,0,0,0,0,0,0,0,0,0,0,0,0,0,0,0,0,0,0,0,0,0,0,ShakeHold
0,117,167,204,294,334,350,362,367,373,379,389,461,492,528,546,560,557,567,571,571,575,576,579,575,573,577,585,589,592,591,601,610,616,623,626,627,634,636,638,639,641,643,633,603,595,595,595,589,583,543,464,359,357,355,334,280,209,171,103,0,0,0,0,0,0,0,0,0,0,0,0,0,0,0,0,0,0,0,0,0,0,0,0,0,0,0,0,0,0,0,0,0,0,0,0,0,0,0,0,0,0,0,0,0,0,0,0,0,0,0,0,0,0,0,0,0,0,0,0,0,0,0,0,0,0,0,20,24,27,19,0,0,5,0,0,0,29,46,58,63,59,50,1,0,0,0,0,0,0,0,0,0,0,0,0,0,0,0,0,0,0,0,0,0,0,0,0,0,0,0,0,0,0,0,0,0,0,0,0,0,0,0,0,0,0,0,0,0,0,0,0,0,0,0,0,0,0,0,0,ShakeHold
0,106,106,134,195,267,338,357,364,385,432,453,464,484,514,518,523,531,538,556,553,549,541,552,561,571,580,584,587,587,580,578,568,564,556,544,533,533,540,552,560,551,524,518,518,529,533,527,523,523,523,501,504,444,408,384,340,161,127,54,0,0,0,0,0,0,0,0,0,0,0,0,0,0,0,0,0,0,0,0,0,0,0,0,0,0,0,0,0,0,0,0,0,0,0,0,0,0,0,0,0,0,0,0,0,0,0,0,0,0,0,0,0,0,0,0,0,0,0,0,0,0,0,0,17,23,0,30,91,184,181,164,150,72,0,0,0,0,0,0,0,0,0,0,0,0,0,0,43,37,38,13,0,0,0,0,0,0,0,0,0,0,0,0,0,0,0,0,0,0,0,0,0,0,0,0,0,0,0,0,0,0,0,0,0,0,0,0,0,0,0,0,0,0,0,0,0,0,0,0,ShakeHold
0,34,75,92,89,89,91,80,88,104,90,80,57,60,48,41,35,0,0,1,11,19,21,9,0,0,0,0,0,0,0,0,0,0,0,0,0,0,0,0,0,0,0,0,0,0,0,0,0,0,0,0,0,0,0,0,0,0,0,0,0,0,0,0,0,0,0,0,0,0,0,0,0,0,0,0,0,0,0,0,0,0,0,0,0,0,0,0,0,0,0,0,0,0,0,0,0,0,0,0,0,0,0,0,0,0,0,0,0,0,0,0,0,0,0,0,0,0,0,0,0,0,0,0,0,0,0,0,0,0,0,0,0,0,0,0,0,0,0,0,0,0,0,0,0,0,0,0,0,0,0,0,0,0,0,0,0,0,0,0,0,0,0,0,0,0,0,0,0,0,0,0,0,0,0,0,0,0,0,0,0,0,0,0,0,0,0,0,0,0,0,0,0,0,0,0,0,0,0,0,ShakeHold
0,1,147,231,350,416,528,552,591,613,634,654,676,710,721,734,745,752,757,762,764,768,776,776,777,777,777,781,784,787,787,785,787,790,794,796,799,800,794,792,794,797,798,794,795,796,798,803,806,808,810,808,804,803,802,803,800,798,798,795,783,756,720,655,553,492,462,377,281,159,0,0,0,0,0,0,0,0,0,0,0,0,0,0,0,0,0,0,0,0,0,0,0,0,0,0,0,0,0,0,0,0,0,0,0,0,0,0,0,0,0,66,88,148,260,340,364,366,357,389,396,438,406,403,478,492,503,520,525,520,514,515,506,518,493,507,511,537,541,500,474,509,528,539,531,541,539,508,535,539,527,528,494,495,506,451,464,436,401,348,353,389,296,181,131,89,0,0,0,0,0,0,0,0,0,0,0,0,0,0,0,0,0,0,0,0,0,0,0,0,0,0,0,0,0,0,0,0,0,0,ShakeHold
0,100,154,214,269,310,345,375,384,396,406,420,425,429,450,463,497,510,505,492,490,495,508,508,497,491,494,507,530,545,545,535,518,515,521,532,534,529,525,516,524,541,556,556,567,572,578,571,558,542,521,486,429,306,199,120,0,0,0,0,0,0,0,0,0,0,0,0,0,0,0,0,0,0,0,0,0,0,0,0,0,0,0,0,0,0,0,0,0,0,0,0,0,0,0,0,0,0,0,0,0,0,0,0,0,0,0,0,0,0,0,0,0,0,0,18,76,131,169,178,198,217,226,200,216,204,198,209,202,247,244,254,286,285,295,311,263,268,242,252,245,249,261,272,277,297,293,290,299,271,248,176,147,43,0,3,0,0,0,0,1,0,0,0,0,0,0,0,0,0,0,0,0,0,0,0,0,0,0,0,0,0,0,0,0,0,0,0,0,0,0,0,0,0,0,0,0,0,0,0,ShakeHold
0,0,0,0,0,0,0,0,0,0,0,0,0,0,0,0,0,0,0,0,0,0,0,0,0,0,0,0,0,0,0,0,0,0,0,0,0,0,0,0,0,0,0,0,0,0,0,0,0,0,0,0,0,0,0,0,0,0,0,0,0,0,0,0,0,0,0,0,0,0,67,188,254,340,371,440,519,578,601,612,629,638,648,660,665,666,666,669,674,680,688,696,695,693,693,694,694,695,699,700,0,1,0,0,0,0,0,0,0,0,0,0,0,0,0,0,0,0,0,0,0,0,0,0,0,0,0,0,0,0,0,0,0,0,0,0,0,0,0,0,0,0,0,0,0,0,0,0,0,0,0,0,0,0,0,0,0,0,0,0,0,0,0,0,0,0,0,0,0,0,0,0,2,0,0,0,0,84,110,137,163,158,181,183,241,275,278,308,294,335,359,428,436,452,464,440,439,390,370,410,ShakeHold
0,67,188,254,340,371,440,519,578,601,612,629,638,648,660,665,666,666,669,674,680,688,696,695,693,693,694,694,695,699,700,703,705,709,709,716,720,724,724,720,717,713,711,712,712,712,714,711,708,703,703,703,703,707,711,710,710,708,704,698,678,664,643,628,582,513,391,325,219,94,0,0,0,0,0,0,0,0,0,0,0,0,0,0,0,0,0,0,0,0,0,0,0,0,0,0,0,0,0,0,0,0,0,2,0,0,0,0,84,110,137,163,158,181,183,241,275,278,308,294,335,359,428,436,452,464,440,439,390,370,410,415,432,421,469,442,451,460,462,447,444,409,473,426,471,477,512,505,509,399,459,433,500,470,424,442,454,501,485,447,310,155,95,97,55,0,0,0,0,0,0,0,0,0,0,0,0,0,0,0,0,0,0,0,0,0,0,0,0,0,0,0,0,0,0,0,0,0,0,0,ShakeHold
